Ξ

999999.

9., ,,,, 99, 9,,, ,,,, 9,,.. ,,,,9,,,,ψ999,9,9,9, 9 ,, ,9, 99, 9, 9, 9,, 99, ,9, 9,,,99
,9,, ,,, ,9, ,,,, 9,, ,9,, {ff 9999, 9 ,,, 9,, 99, 9,,. 9 ., 9,,, ,,,.,9 „aa 9 ,,, 9,, ,,, fl 9,,
99, 9,, 9,, 9,. a ., 99999, 9,,,9 9 ,9, H 9,, 9,, 9,,, 9,, 9,,, 9,,9. 9 ,,, 999999 ,,9, 9
9,,,99 9999, 9 ,9, 9, ,,,, ar„ ,9599999 9999 999, 9 9. ,9 ., 9,,, ,9,9, {- 9 ,,, 9,, 9,,,
,9 ,,, 999, ,999 ,,,, 9,,9, 9 H 9,, 9,, 9,, 9,,, ,,,, Ι,9, ,999 999, 9,,9, 9 9,,, ,9,, ,9, ,999
9, ,,9, ,9, 9,, ,,, ,9, nn 9,,, 9,, 9,, 9,,, 9,,, 9,, 9, 99, 9,,, 9,,, 9,,, 9,, 9,, 9,, 9,,, 999, 9,,, 9,,9.
9,,, sk„ 99999, ,99999999 99, 9,,99, ,99999 9.,9, 9999, 9 9,, ,,, fi ,9,, 9,, ,9,, 9 ,,
9,,, 9,, 9,, 9,, 9,,, 9,,9, 9,,, 9 ,, 99999 „aa 9,,9, 9 ,,,, 9,, ,9,, ff& 9999, 9 9,,, 9,, 9,, 9,,,
999, ,9,-9, 9 ,,,, ,9,. ,,,.,9 9,,9, 9 fl. ,9 ,, 9,,, ,,,9 {- 9 9, 9,, ,,, ,9, 9,, 9,, 9,,, 9,,, 9η,
,9 9999 999 ,9, ,,,, 99. ,9 ,,, 9,,, ,,,9 aaz ,999 999 9 ,, 9,, ,9, nn 9,,, 9,,, 99, ,,,9 ,,,.9.,

,9, „a ,,,, 9,, 9,,, 9,, 9,,, 9999999999 9999, 9 ,,, 9,, 9η. 9 ., 9999, 9, 99, ,,,,,9 99 9999
9,,, ,,9, ,99995999 {fi 9 9,, 9999 999999, , 9999, 9 99. ,,,, 999999 9,,, 9 ,9, ,9,
,99999999 9,,, 999999 9,,9, 9 ,,,9,,,,,9,ηη,9,,,,.,,,,,.,,,,,,,,, n} ,,,999 , 9999 ,999 999,
a? ,999 ,,,,9, 9 9., 9,, 9,, 9,,, 9,,, ,,, ., 9999, 9,,,9 ,,,, 9, ,,,, ,,, nn 9,, 9,, 9,, 9, 9,, 9,,

,Ε-

a ., 9,,, ff„ 9,,9, 9 H 9,,, 9,,, 9,, 9,,, 9,,, 99. 9 ., 9,,, 999, 9 ,,, ,,, H 99, ,,,, ,9,, ,9,.
9,, ,,, 9,, 9,, 9,,, 9,,, 9,,, ,,,,9. a ,, 9 ,,9, 999 fi„ 9999, ,9,, 999, ,9 ,,,.,99 99 9,.
,,,, 9,, 9, 99, 9,, 9, ,9, ,,, ,,,, 9,,, 9,, ,,9, 9,, 9599 9,,, ,999 999, 9 9, ,9,
,9999999999 9, 9,, 9,,, 9,. 9 ., 9 ,999 999 9, ,,, ,,,, ,9, „a 9., 9,, 9.,
9,, ,99 ,9999 9,,. 99999, 9 ,,,, ,,, ,9, 9,,, {a ,,9,-999999, 9999. fi 9 H 99, ,99999
a ., 9,,, 99, 9,,9, 9 ,, ,9, ,,, ,9, na 9, 99, ,,, 9,, 9,. a ., 9999999 9,,, 99999 9 ,9,, 9,,

R„ 332„
„affl 9999 999 9
,999 ,99 99 aff„
,999 {fl 999, 999
,,,,9, 9,,, 99,
,9,, ,, ,9,,9 9999
9999, ,999 999 9999
,99999 99 fi„
,999 ,9999 99 &ms
,,,.99, 999 999,
,9,, 9999 999,
,,9, ,999 9999,
nm 9,, 9999 {a
9999, 99999999,
,99 ,999 9999
99999999 ,9999 a
999 999, ,Ξ 99

 

