4444 44:414

4444444444444444 44
ᾗὲἒὲῗᾷ
ΜΞΜΞΞΜ

,,4,444 ,4,444
44444 44444, ,4,444,
ἓὲἓ
ΜΞΜΞ
444444 44444
ΞΞΞΞΞΞ
,,4,444 ,4,..4444 4444444
4444 ,,44 444...
{4}ss
ξὲἓὲᾓ ,
4444444 444444 44 44444 444 444, Μ,4444444Μ444Μ44Μ4444444 4
4ΜΜ444, ...4 ,44,,4,,,44444,44Μ444444ΜΜ,44 44444444 .4..4:44444444444444444
444444444444444444444444 .44.4.4 ,44 44 ,44 4 ,44 ,44 ,44 ,,44 ,4, 44 4, Μ, 4 4 .44444
44, 444 44444 4444444 44.. 4 ..444 ,444 4,4 ,44 ,44 4,, 44, ,Μ444 444 4Μ44Μ4 „44 ,444 4,4,
,4, ,444 ,4, ,4, Μ, ,44 ,4 ,4 4444 4 44444 44 ...4 44 44 ,444 Μ4444 44444 444 4444 ...4 .4..4 ,44 ,44
,44 ,44 44 .44444444444 44 ,4,,4 ,4,,4 ,4,,4 ,4,4 ..44 ..44 ,44 ,44 ,44 ,44 ,44 ,44 ,44 ,44 ,44 ,44 ,44,
444 444 4444 44 ,444 ,44 ..44 ,4,4 ,44 ,44 ,44 ,4,4 Μ, ,44 44 ,4444 4Μ4 444 Μ,444 ,4,,4 ,4,,4 ,,,4 ,4,4 ,4
,,444444, .444 Μ,444444Μ,44 4,444444ΜΜ4Μ444444444444 .444 4,44444 ,44 ,44 ,44 ,4,444,
,,,4,444444444Μ444 4444444444 .44...444 44 444 ,44,44 ,4 ,,,44444 4,4, Μ,
444 4444444444 4 4444 44 44 44 Μ,44444 Μ444444ΜΜ4 44 ,,,4444 4,444,,4
4,,4,. 444444444444444 .....44444 .444 4.444 44 4444. 44 44 44 4.4 44 4. Μ,
,4,4 ,4,4 ,44 ,44 ,44 ,44 ,44 ,44 ,44 ,4, Μ, 444 Μ44 Μ,444 Μ,444 444 ¹..444 444444 44 ,,, ..4 4,4 4,444
,44 ,44 ,44 ,44 ,4 ,44 ,44 ,444 ,4, ,44 ,4 ,4 44 ,444 Μ44 Μ,444 Μ,444 44444 44444444 44.44 .4..4...4
4.4.4 444444 444444, 444 444 44 ,44, ,4, 44 ,4444 Μ,444 444 444 4,,4 4,444,,4, Μ44 ,4,,4 ,4,,4 ,4,,4
444444 ,44 ,44 ,44 ,44, .4. ,44 ,,,4 44 ,444 ,4444 4,,444 444444, ,4 44444444 ,44 444444 Μ,444 Μ,444
,44 ,44 ,44 ,44 ,44 ,44 ,44 ,44 ,4, ,4 44 ,4444 Μ44 4,444 ,4444 44 ,,, ,4,,4 ,4,,4 ,,44 ,44 44 ,44444
.444 44 ,4,,4 ,4,,4 ,,,,4 ,4,4 ,4 ,44 ,44 ,44 ,44 ,4, ,4, 4444 444444 44 ,,, ,4,,4 ,4,,4 ,4,,4 ,,,4 ,4,,4 .4..4
,4,,4 ,44, ,44 ,44 ,44 ,44 44 ,Μ4444 4444444 44 444 444 4,,4 ,44 ,44 ,44 ,444 ,4, ,4 44 .4444 44
,44 ,4 ,44 ,44 ,44 4,4 ,44 ,,4, 444 ,4 444 44444444 ,,4,4 ,,44 44, 44 4444444444 44444444
444,,,4,4444444 ,,,44444444444444444444444 4 444444 4,Μ,4444444Μ44ΜΜ,44,. ...44

,,44 44 44 44, ,4, ,4,44 Μ, 44444 444 4444Μ4 4 ,4,444 44 4,44 4444444444444

,,44 444 44 ,44 ,44, ,44 ,44, 444444 444444444444444 ..4 4,4444444 44 ,44
4,Μ,444444444Μ44444 44 ... 44 44 44 4444 4,44444 44444444444 ...44444 4.4.4

.4..4 ,4,,4 ,44 ,44 .444 ,4, ,4 44 ,444444 4,4,4 4444, 44 ,4,4 ,44 ,44 ,44 ,4 ,44 ,44,44

Ξ,

 

