:7777
333 33353333 3
’ 35333 7771
33353 3353 777
, 7777 777257 ‘1³:372 33353
3333 ’[33 οο 33333 33
353 383 33333 3333 ο.
33333335 33333 333
33 5333033 333
3333333 33353 333
33353 ὀοοο 3ο οἶοι,
33 333 ῑοοὲοο
2³7 353 333
33ιοῖ333353 ο
3335 333

[3ο [3 [3 3333 3333 333353 777 3 ιο [33 [33 [33 [33 [33 [33 3 [333 3533 333 -3 33 ιο
[3333 ε3ο3 [[33 [3 [33 [33 [33 [3 [33 [33 3 [33333 33333 333353 777 33 23¹7 [35 [33 [33 [3ο
ε3ο3 ,33 [35 [τ’ [ῖ 3 [333 3333 333353 777 ⁸¹¹7 :27 [35 [3 [κ’ 3 ,3333 3333333353 777
[35 [τ3 [33 [33 [τ’ [33 [33 [3 ,τ 3 ,33335353 333 333 [33 3 ,3333 3333 333353 777 177727
[3 [35 [τ3 [33 [33333 [3 [3 335 3333 3353 3 οι [3 33 3533 3¹) 3333 33 333 [[33 [33 [3335
[3333 333 33353 333 τ33 [[33 [33 a* Ν 77 [3333 3353 7¹7 3333 [333 [33 ,33 [33 [33 [33 [33 [33
[333 [33 [3333 [33 [33 [33 [133 3 [333 33 33 333 νο ,333 ,33 [333 [33 [35 [35 [33 [33 3
‚³¹¹7 [33 [35 [33 [33 [33 [τ’ [3 [τ 7:7:772577-57771 33 [33 [33 [3ο [33 3 [333 [33-53 33 νο
,335 7777: 27³7 8¹0 v· ιο [333 ,το-ι ,33 [13 [33 [33 [33 [κο [3 [τ 3 ,333 333 333 3333 33 v· ο
3533 777 ·3 33 v. ιο [33 ,3ο3 ,[33 [3ο 7: [333 3533 33333 3333 v· ιο ,33 [33 [35 [33 [33 3
[35 [3 [3 [το [3 [τ 3 [333 333 wo v. ιο ,33 [οη [νη [33 [33 [33 [35 [35 [3 [33 [τ’ 3 [33
[33 77 [33 [3 [35 [35 [3 ,33 [3ο [3 [3 [3 3 [33 333 333 [33 v. ι [1373 [33 ,33 [33
33 3333 [337 [317 [133 [33 [33 [33 [35 [33 [33 [33 [33 [3ο [κο [3 [3 3333 33333 7: v.2 ,333 ,το-ι
3333533333 33333 ε3ο3 333 ,333 333 ,33 [33 33 [33 [3 [35 [35 [3 [τ’ 3 [333 33 77777 [333Χ
[333 33 33333 :³¹³7 ,⁸¹7 ,33 [33 ,[33 [33 [33 77 [τ 33 [333 3533 3333 33 33 v· 2 [33 [3 [τ 3 ,333
333, 33 ιο ,333 ,33 [33 ,33 [33 [3ο [33 ,3 [τ 3 [333 7772 333 333333 v.2 7⁸³7 [τ”3 [κ’ 3
33 v.³ ,rx-*7 ,νοτ ,ι’-τ [33 [33 [33 [3 [35 [33 ,33 3 ,333 3533 777 ’.33ι 333 333 ‘a' [τ 3 ..333
,35 [35 [35 [τ3 [33 [33 [τ’ [33 [3 [τ 7: ,3333 777 [33 v.³ ,33 [33 [3335 [35 3 [3333 3333
,κ’ 3 ,333 333 3333333 333 333 [33 3 [3333 3333333 33333 m 7777 ,77:⁰7 [33 [33

wmhmm
96

 

