w‘mn
11111·ὃέ 1111
⁴2 ε1111111111111
111111 11511 111111
11111 11111111
1111111111 11511111
11111111111111
1111 1111111111
11111111 1111
1111111111
11111111 111111
11111ῑ5111111ῑ111 1111111
11111111111111111111111
1111111111
wfflmssm
1111111 111 11115
111111 11113111 11

1111111111111

1111 11 ⁸¹0 v· ⁴ ,11 11 ,1111111 111111 1111 1111 ,11 ,111 ,11 ,15 ,15 ,33 ,111 ,w 111111 111111 wo 1-1
wrm 11131111 1-1 m ,111111,1111111111 ,13 ,313 ,15 ,15 ,13 ,111 ,11 ,111 ,11 ,w 11 ,11111
’,1111331111 1111111 ’11 mn 522 11 1111 11111 11 1-5 ,111111 ,13,33,31,111,11111111111
,113 ,113111 W- ⁸¹¹0 v.⁵ ,13 ,13,13,·3’,111,111,111 ,1151 11111131, 1111 1-5 ,111113111111111 ,1511111111
111111 11111 111 ,111 ,111 ,15 ,111 ,11 ,11 ,11111 ,111 1111111113 m ,111 ,11 ,13 ,311 ,15 ,15 ,15 ,11

Πὶ 2

’1111 wo v.⁶ :1¹⁹1 ,11 ,313 ,15 ,15 ,13 ,11 ,111 ,11 11 ,111111 111 wo v.⁶ ,111 ab ,15 ,33 11 ,111111
11 ,1111111111151111111111111111 1111 ,13 ,15 ,15 ,13 ,13 ,w ,11 ,111 ,111 ,1 11115111111111111
,11 ,11 ,1 ,1111111 11511 11111111111111 ,1111 11 ,1111111111 11111 1111111111 115 1111 tvm ,ww ,111 ,11
,11 ,111 1111115111111111111 ww ,11 ,wo ,11 ,11 ,31 ,111 ,111 ,15 ,15 ,15 ,13 ,13 ,33 ,1 ,11
,111 ,13 ,11 ,113 ,311 ,15 ,11 ,11 ,1 11111111311111111 .·11·1,1”1,1”1.111,1111111 ,111 ,313 ,111
,1111 ,1111 ,111 ,111 ,15 ,311111111111111111111 1111111 11 man 522 11111 ,111111 ιε ,111
,111 ,13 ,15 ,15 ,w ,11 ,111 ,11 ,1 11 ,11113 1111 11111111 ιο ,13 ,15 ,13 ,11 11 ,13111 ,1111111111 ,111 m
qug ⁸¹0 m ,111 ,111 ,111 ,11 ,11 ,111 ,111311 ,13 ,1511313 ,13,11 ,111 ,11 11 ,1111 111 111 11111 ⁹
,Ψῡ vna w ,11 ,113 ,15 ,1113 ,1111111111111111111 222 ‚³²2 ,13 ,13 ,33 ,111 ,11 11 ,111111 11111
11111511 (11 m ,1111111 ,111 ,313 11 ,11111 1111111 1111 ,13 ,13 ,13 ,33 ,11 ,11 ,11111111111111
,111 ,111 ,31 ,13 ,15 ,13 ,11 ,111 ,11111118111111115111110 ,1111111 11 ,11 115 ’11111511 = ,11115
111 m ,75 ,15 ,111 ,11 ,11 lx* 111111111111111111111111111111111-11 ,11 ,111 1111111111 11111 ,111
11111 my ,313 ,13 ,13 11 ,111111 1111111111111131 1111 ,111 ,11 ,113 ,111 11 ,1131111 11111111 1111111111]
,313 ,15 ,15 ,13 ,11 ,13 11 ,11111 315111 1131. ιι ,1111111 ,31 ,113111 ,11 ,1 ,11 11 ,113111 111111 1111111111
,11 ,113 ,11

186

 

