*mn-120

ψ 13313133 3133 353
-ae - 113 3333 3313

‘ 3333 113, *zm-§w
3333 1531 1133

3131 1333 3133
31333 1333 3333

1333131333 335
33131 1333 3513

xmp-³517 11113 3533
31335 1333 3133

1533335 1133331133
*fa-‘³9²2 1 13 ,333135

333553 3133353 3113313131
1333553

333313 3131313 1533
13131333, 131553

2 1335353 131533
&ix-⁵³3 131553
³ 3133333153

w 133 ,15 ,33 ,13ΙΙ 13 ,1113133333 ν. ιο ,33 ,33 ,15 ,35 ,13 ,31 fx* 13 ,353 115133 3-3 v.1⁵
ε’ vap 31533 1131 ιε’-ι ,33 ,113 ,3 ,15 ,13 ,33 3: ,353 33133331 113 1³ ,snm 10³ss
,11 ,3113 ,3333311331331533317 w ,1113 ,15 ,13 ,31 ,113 ,3 13 ,1131313ςς333ν-16
,33 ,33 ,35 ,35 ,13 1³ ,xm ’3 wo v* ιτ ,11111133 ,1 yn ,33131133313313331333 333 ,33 ,33
133 ,33 'x’ ,3 13 nm 3133313 v. ιο ,33 ,33 ,11 13333335311133331131333 εη”’·1,1“’·ι,3·1·13’·ι
33 ν. 1⁹ ,31 ,33 ,15 ,35 ,33 13 xp] 33 11331 333 31333333313331. ιο ,11 ³³ ,31133 333131
,13 ,33 ,13 ,33 ,33 ,15 ,35 ,33 ,13 ,31 333 3531 313133 ,3513 v· 20 ,33 ,15 ,31 ,3113 ,mm W
13331333531313331331 13113 ,3113313311 ,3 ,33 ,3 ,3 1³ „qpm 1111133 33533 3333 ,311 ,33·
,33 ,33 ,15 ,13 ,33 ,11 ,13 ,3 ,κῆ ,13 ,τ nmmum 0³913‘12v20 ,ww ,νη ,33 ,m ,15 ,13 ,31 ,3 ,τ
,31 ,33 ,311 ,133 ,13 ,33 ,13 ,33 ,333 ,15 ,35 ,33 ,31 ,31 ,3 13 ,135 yffi: 311131ι 133 twa ,1113 ,313 m
13531553 3331 333 ,13 ,13 ,13 ,3 13 31133 3531 3333 1553 wo v. 2⁰ ‚vn ,331 ,1131 13 ,31113 5131 ,1311 ,133

·: :A

,1131 ,1113 ,33-ι ,,33 ,33 ,33 ,33 ,3 ,15 ,33 ,11 13 ,3533133353 1331 333 ,15 ,33 ,1313113 ..3113 qam
,131 13 ,nnn 113113 11353 1553 ‚vm 31311333 ,311 ,13 ,13 ,3 13 &pm 3531 3333 1553 wo ν. ι m?
33 vv. 1³1³ .11·’π,1”’·1,·1’11,κ’1,33 ,33 ,3 ,15 ,33 ,11 ,3 13 ,353 3311133553 tvm 133 ,15 ,33 ,31
,33 ,35 ,13 ,33 ,33 ,11 ,1 13 ,331333133313333333 ,33 ,15 ,131 ,3113 ,3113113333353131553
,13 ,rw ,33 ,33 ,13 ,15 ,15 ,35 ,33 ,33 ,313131 3: nm 131553 wo v. 2 ,111533 133 ww ,,ψπ ,,33 ,33
,313 ,31 ,33 ,3 ,15 ,35 ,33 ,11 13 xp} ’33 11333 333 z'p 1133333 1333 v-2 ,1133 ,133 ,313

325

 

