11511
fflfflfflfflss
ww&
ww
wwww
wwww
mwwwss
fflfflmwffl
wmww
am&
wmfflfflfflffi
mmmmm&
mmm
mm&
ffiffimwmw
mmm
1111111111 11111Ἀ 1111111111, 9

,111,11,15,15,15,1313,11,111111111111 ,151 11111 1111 1111 ,15 ,111 ,11,11 11 ,1111 ,1111 11 11
wo v.2 ,111 ,111 ,111 ,11 ,11 ,15 ,13 ,11 ,111 ,1 11 ,1111 151511 15111111 v.2 ,111 ,11 ,1111 ,11

,11 ,11 ,15 ,15 ,13 ,11 ,13 ,11 ,11 ,11 ,1,111 ,151 11111 wo 11 ,11 ,11 ,111 ,15 ,13 ,11 ,33 ,11 ,11
11115 ,1111 ,111 ,111 ,1111 ,11 ,111 ,11 ,1 11111111111114 ,11111111 ,111 ,111 ,111 ,11 ,111 ,1111 ,111
1111111111111111115 ,11111 ,13 ,13 ,111 11 ,111 111 111 11111 1311 ,13 ,13 ,11111 ,1511 151111

1111 11 ,11111 115 1111 111111 111 :ww ,11 ,11 ,11 ,11,11,11,11111115111111111111 wo 11
1111111111νώ m ,13 ,33 ,11 ,111 11 ,11111111111111 :m ,311 ,15 11 ,115 151111111111111
,1111111111 ,11111 ,111 ,11 ,111 ,11 ,111 ,11 ,15 ,15 ,13 ,13 ,13 ,31 ,11 ,11 ,11 ,111 ,11,111 1111
1111511111 1115 11111116 ,1111111 ,111 ,11 ,11 ,111 ,111 ,11 ,15 ,111 ,11 11111 1111, 111 11111
11111111 ,1111,11-1111111111 ,1111 ,11 ,15 ,15 ,13 ,13 ,111 ,11,111 1111111 1111111111 11
,11 ,11 ,11 ,11 ,1 1111111111 wo 11 ,111111 ,11 ,11 ,11 ,15 ,15 ,15 ,11 ,11 ,11 ,1 11 ,1111
1111 ,111 ,13 ,11 ,111 ,111 ,511111111ι1·5111111111111 ,11111111 ,111 ,111 ,111 ,11 ,111 ,11 ,15 ,13 ,13
111111 ,11 ,311 ,111 ,11 11111111111111 1111 1111 ,111 ,111 ,15 ,13 ,11 11 ,1511 1151111111 1111
,311 ,15 ,15 ,13 ,11,11 ,11 ,11 11 ,1111 11111 ,111 11 ,111 ,11 ,11 ,111 ,11 ,11 ,111 ,111 11 ,11111111
,11 ,15 ,15 ,15 ,13 ,11 ,31 ,111 ,11 11 ,11111111 1115111111 ,1111 ,111 ,111 ,111 ,11 ,11 ,111 ,111
11» [www ,1111311 ,115 1111111111 11111 ,11,11 ,1111 ,1111 11151 111111 1111 ,1111111111 ,11
.1111,1·1,11,13,111111111111111111 1111111 ,11,15 ,1111111111515111 1111111111 11115131111111
130

 

