1115111 ¹ 31111111
111111 111
1111111511 11111
, 11111 1111111
11111 111ο 1111
111111 1111111111 ·..
¹ mnr'nwss
111111111115111
111111111111111111
1111111’1111151111
1115111111 111 1111111111
11111111
³· 11111111
11111111
11111 11111111·
111 111 111151 11111
, 1151 ,111ἓ 1 ,11111 111111 11111, a
111111111111111

1111 ,11111 ,11 ,13 ,11 11 ,111 1111Ι 1111111 111 ,111 ,15 ,15 11 ,11111 11, ,11111 1511 11111111 v. 1³
,11131151 ,111 ,κ’ ,1 111111111111511111111111 ,11 ,15 ,11 ,111 ,11 11 ,11111 1111111
>1111 ,1111111313 ,11 ,111 ,11 ,11 ,1 ,1 ,1 11 ,115111111111111 ,11 ,11111
313 ,15 1111111111’1111111111 2 ,11 111 ,151 1111 1 ,111111 v. 2 ,1111 ,111 ,13 ,κ’ 11 ,11111 1115

,1511 ι 1511111113 ,1111 ,13 ,15 ,111 11 ,11-51 111 v.2 ,311 ,1Ἰ ,1 11111111111111111111111

11111 ,1111,1111111111,11 ,111 ,15 ,13 ,13 ,11 111111 1111111111. ³ ,13 ,15 ,11 ,1 11
111 1111111113 ,1111111 ,1111 ,13 ,111 ,111 ,15 ,13 ,13 ,111 ,11 ,111 ,11 ,11111111111111111111111
,111 ,1 1111111 1111115 5111111113 ,1111 ,11 ,111 ,11 ,15 ,13 ,13 ,13 ,111 ,11 ,11 ,w 1151111

Ψ,

11111111 1111111111,11,13,111,Π111111111111111151-5111111111 111111 ,1111 ,111 ,11
’,11 ,11 ,1115 ,11 ,11 ,11 ,1 ,11111111151111111111 ,11 ,15 11 ,11 11 ,11111111111-11
:ww ww ,11111111 ,11 ,13 ,11 ,15 ,15 ,33 ,111 11 ,1111 1111511111 ε111 ,11 ,111 ,11· ,111 ,11
,151 ’11111 svn v. ³ ,m 11 115151· 11111 111111 11111 1511111111 11 ,311 ,13 ,τ’ ,111 11 111111 1511, 1111
111111111111111 ,111111,11111111 ,111 ,11 ,111 ,311 ,11 ,15 ,15 ,13 ,13 ,11 ,11 ,11 ,11 ,111
,11 ,31 ,111 ,1 ,1 ,11 ,1 11111111111 ,111111,111111 ,11 ,11 ,1 ,15 ,15 ,13 ,1 ,1
,11111113,1111,111111111111111111 ,11111511,11111111111111111111 ,111 ,11 «·
15111111 ’1111 111 31111111 ,111 ,111 ,113 ,11 ,15 ,15 ,11 ,11,,1 1111 1111111111111111 11 15 ,1111
,11 ,15 ,15 ,13 ,11 ,111 11111111111111111111111111115 ,1115 11511111 111111 ,1111

,111 ,11 ,11 ,15 ,11 ,13 ,11 fx* ,1 11 ,1111 111151111111

80

 

