1111111111 ’133

1111115111

1111111111 ’1
1111111. 111110 111111

1111111 1151
1111111 11111111

111111 111
’111111111111-51111111

ζ11111-1111111

11115 111111
111511 11151

1111 11111 111
1111111111 1

’ 313 ,33 ,15 ,13 ,13 ,33 ,11 11 ,11111 11111 wo v. 45 ,13 ,33 ,11 ,11 11 ,1111111111111111111 ms
ΓΡ «λ’ ,20 «1 1111 115511 11 v· 4⁶ ,1111 ,13111 ,311 ,11 ,15 ,15 ,15 ,111 ,w ,1 1111115111111111111
mwmwmwmwmfflmwwmmmmmmmmhmw

,111 1.,11 ,13311 ,15 ,15 ,13,13 ,11,1111 ,1111111151 111 mo ,111 ,1111 ,1111111111,11-1111171315 ,15
111111 111111.
11111111 1111111
,11 11111,1511111111511111111111111.11 ,11 11 ,11111111 111111 111 115 ,15 ,13 ,33 ,111 ,111 11
wmwmmmwmwwmwmmmmmffssmmmwwwwm
,111 ,111 ,111 ,13111 Am ,111 ,11111111111111115111511 ww] ,1111 1111 ,111 ,33 ,15 11 ,111111
,15 ,33 ,111111111111111111-,11111 ’,11 ,111 ,311 ,15 ,11 ,11 ,1 11 ,1111111111111111115111 ,111111
1111111111 ,111 ,13 ,15 ,15 ,13 ,13 ,11 11,11111111111111111111141 ,11111115115111 113 ,311
,11111111 ,,11 ,13 ,31 ,15 ,13 ,11 ,11 ,11111111 1111 1111 1-11 ,15 ,33 11 ,111111111111111111111
,1111,111,11,11 ,111 ,111 ,111 ,31 ,311 ,13 ,33 ,11 ,111 ,111 ,1 111151111111111111111 ..111 ,111
,1111111111111 113 ,11 ,1311 ,111111111111 1111 ,15 ,15 ,111 ,11 11 ,11111 ,11111 wo 11111 ,111
,111 ,111 ,111 1-1 ,11111111 snum 111111 wo v. as ,111 ,111 ,15 ,13 ,11,11 311 ,11111 ,1511
,11 ,111 ,111 ,13 ,111 ,11 ,1 11 ,11111511 1111 11111 11111 115 ,15 ,15 ,33 ,11111111111111111113
‚rw ,111 ,11 ,31,113 ,11 ,15 ,15 ,15 ,1331 ,111 ,11 ,111 ,ω ,,11111111111111111 v. 48 ..1111111111
,1111,111,1111”1,1’1,,11 ,111 ,13 ,111 ,311 ,13 ,13 ,33 ,11 ,11 ,1 11 ,11111 111111 111 11111 ,111 ,111
5111111119 ,15 ,13 11111111111111 11111131 tw ,13 ,13 ,11 ,111 11111111111111111111111 :ww
111 111 v. 40 ,1111 ,111 ,111 ,13 ,1111111 ,κ’ 11 ,1111111111-111 11111 1111 ,11 ,111 ,11,,11111111115111
,1111111 ,13 ,15 ,13 ,11 ,11111111 ,1111111111 5111111 v. 49 ,111 ,15 ,15 ,15 ,13 ,33 ,11 ,11 ,11 ,111 ,mm
,15 ,33 ,11 ,11 11 ,11111111111151 ,13 ,11,31115 ,15 ,13 ,33 ,11 ,111111111111111111 v. 49 ,111
we v. 50 ,11111 ,111 ,111 ,13 ,13 ,13 ,111 ,11 yx* ,11 ,111111111111111 11111 111 ν. ⁵0 ,111 ,11
,13 ,11 ,15 ,15 ,13 ,11 ,1 11 1111· 111111 ’111111 111 v. ⁵0 ,111 ,13 ,13 ,111 ,11 ,1111 mm 111111

271

 

