wbnn
11110111 01111
0111011111011
011111 01111
111111111111111
011110 01111 1111
01101 0110111111 10111
0111011011111
101110111111011101
011111 1111101111
1113111151 1111111
11111011111113
11110111 1111 1011
010 0111010111
1110101 01111 11111
1111011
11111111111111111 0111111
01110111 111
1111110 111111
3111111111 11111111 12
01111111 1113111

115 ,15 ,33 ,131 13 ,111 ,111111 11131 1101 ,101 ,11 ,111 ,111 m· ,13 ,11 ,111 ,13 13 ,11113 ,1111111313
,13 ,31 ,1113 ,1113 111313 ,111111 ’1 11151331 ,13 13 ,11113 011 1111111111 1313131113 ,11133 111111 1111113
,15 ,13 ,33 ,131 ,11 ,31 13 ,13111 11111115 313 1-1 ,13 ,33 ,15 ,13 ,111 13 ,1311311311111111311
,33 ,13 ,15 ,15 ,15 ,13 ,13 ,13 ,33 ,131 ,11 ,13,11131131111 ,11111105 1131 1101 ,111 ,13 ,313 ,15
,1101 ,1111111111 ,1111 ,15 ,13 ,13,113 13 ,1311 11531311 115 wo v. a ,111 ,111 ,1111111311 ,13 ,111
11101 ,1011111 ,15 13 ,111 1115111031 :ww ,111 ,13 ,33 ,11 ,11 ,111 ,13,113 ,11113 3115111103 11
,3313 ,111 ,11111113 11 ,101 ,13 ,15 ,11 13 ,11111 11111 1113 11 ,313 ,15 ,13 13 ,111313 3115111 11111131
,1101 ,101 ,,111 ,13 ,33 131111311111111 1103 m ,313 ,11 ,11 13 ,11131 ,1111 1111113 111111 ,1111 ,1111 ,13
,1111311111 ,110111 113 ’3 13 ,1111 1113 1-1 ,101 ,15 ,13 ,33 13 ,1111311111111 1111111111 1111111
,11131111111110 ,1111 ,11 ,111311 ,13 13 ,11111 111Ι 1111113 ow* 3131311103 31113 5331111113νέ
11111133 1101 1101 ,111 ,1111 ,313 ,313 ,15 ,15 ,13 ,33 ,11 ,111 13 ,1113 111111031- 10 ,13 ,15 ,11 ,113
13 ,11111 111131 11313 1111111 wo vl 1Q ,13 ,15 ,13 ,111 13 ,11113 1111111101 1. 00 ,11 ,13 13 ,111111 11111
,11111 ,1101 ,111 ,1111 ,13 ,13Ϊ,ἵ13’”,131 ,113 ,111 ,11 ,1 13 ,111311 111313 1131 1311113111 ,13 ,131 ,111 ,1
,15 ,13 ,13 ,131 ,11 ,113 ,11 ,1131151111111113101 ,113 ,313 ,33 13 ,11113 ,1113 13011 11113 1113 v. 11

,1101111111111,1113111 ,111 ,13 ,33 ,13 ,15

111

 

