116 14-1172 333333 ¹320

κ 33333 3333ο 33333
33333 3333 ’333
333333 3333333
,3333 32³2?ss *³122
333333 33333
3333333333333
333333 333333
3333333 3333
333 33333333
33333 3333 3333
33333 3333 3333
3333333 3333333
333, 333 3 333333
3333333 333333
33 2 3333
333333 333333 3333
33333333 3333333
3333 3 333333 333 33
,,33 ,337 ,33 33 ,33333 3333 ,33333 333 ν. 33 ,333 ,333 ,33 ,33 ,3 33 ,3333 33333 3333333333 333 v. 13
3333333 333 33333 333 3333 33333 33 333 33 3333 33333 3333 333333 3333 ⁸3 333 ms 33333 ⁸4³⁷ 33 v· 14
,33 ,33 ,33 ,3 33 ,33333 3333 333333 333 v. 15 ,333 ,333 ,333 ,33 ,33 33 ,3333 ,333 3333 33 ’3 33 33 333333
,3333 ,33 ,33 ,333 ,333 ,333 ,333 ,33 ,33 ,33 ,33 ,333 ,333 ,33 ,3 ,3 33 3333 3333 33333 3333 333 ,33 ,33
,3333 ,333 ,333 ,333 ,333 ,333 ,,33 ,33 ,33 ,333 ,33 ,333 ,33 ,33 ,33 33333 33333 33333 33333 3333 33 v· 1⁶
3333 ’33 ,333 ,333 ,33 ,333 ,333 ,33 :m ,3 33 ,333 ,33333 333· 333 3333 ,33 fx* 33 3333 3333 333333 ’3
3333 333 3333 33 ,3333 333 333 333 33 ,333333 333· 33 ,333 ,33333 ’33 ,33 ,33 33 ,3333333 33333 333333
333 33 ,33333 3333 333 333 333 ,33 33 ,3333 333 ’33 ,35 ,3 33 33333 333 333333 ’3 ’3 33 ,333333 33333
3333 33333 333· 33 v. 10 ,3 33333 3333 33333 3333 333 ,3333 333 333 33333333 ,33 33 ,333333 3333 ⁸333 333
-333 333 333 ,33 ,33 ,33 ,333 ,33 ,3 33 ,3333 3333 33333 ³33¹ 333 3333 ,33 ,333 ,33 ,33 ,33 ,33 ,33 ,3 33333
3333 3333 33 333 v. ιτ ,33333 ,333 ,3333 ,333 ,333 ,333 ,333 ,33 ,33 33 ,3333 333 3333 333 33 ,333333 3333
,333 ,333 ,333 ,33 33 ,33333 3333 33333 333 v. 1⁸ ,333 ,3333 ,33 ,33 ,33 ,w ,33 ,33 ,,33 ,3 33 33333

333 ,333 ,33 ,3Ι ,33 33 ,33333 333, 333 v. 1⁹ :3 33333 33333 333 3333333 3333 33333 3333 33333 33 33 v. 1⁸
,33 ,333 ,33 ,33 ,33 ,3 ,3 33 ,3333 33333 3333333 33 ν. 33 ,333 ,3333 ,3333 ,33 33 ,3333 w} 3333

3333 3333 3333 ,333 ,333 ,3333 ,333 ,33 ,33 ,333 ,333 ,33 ,3.33 ,τ’ ,33 33 ,333 333 333333 33 v. 1⁹ ‚⁸¹3
33 ,333333 333 3333333 33333 3333333 333 33333 3333 v-1 073 ,333 ,33 ,333 ,33 33 ,333 3333 33333
3333 ,3333 ··;3 wo v· 2 ,333 ,33 ,333 ,,33 33 ,333 333333 33333 3333 333 v. 1 ,33 ,333 ,333 ,33 ,33 ,333 ,33

,33 ,33 333 ,33 ,33 ,33 ,33 ,333 ,3 ,33 ,33 ,33 ,33 ,3 ,33 ,33 ,3 33 ,33333
261

 

