nwwn
111111111311111
1113111111
272'5252? Εῗῖἕῒῇῑῗῖ,
Ε31 1111101311.
111111, 11113 11553531
13133 31111133
1111111131 ww}
1533 315113 113111,
11311113 1111
15315115 1111 1313111,
113111115111115
1311 511111.
ww& 53151115
3115113 113111
5115331111
1131111 11511 1115
133111ῑ315331313 131131, 1113111311 13 20
rw 5111111111
1115111331
113 ν. 11 ,11 ,15 ,13,13 13335111313115151113 v· 1⁴ ,3131113311111133 13 ,11335 1111311 ww: 114
,13 ,15 ,33 ,11 13 ,113133 1111111 311111131331. ιε ,13 ,313 ,15 ,15 ,13 ,11 ,113 ,11 ,113 ,113113 11113
,3 ,1 13 ,1153 3111111313 ,113 13 ,3313 11113 11131111131131 11111111 ww 111 ,11,11 ,111 ,113
,111 ,11 ,311 ,33 13 ,11313 1111311113 ww v. 15 ,3111111 ,113 ,13 ,13 ,15 ,15 ,15 ,13 ,13 ,13 ,31 ,113 ,111
13111 ,111 ,ww ,11311 ,1111 ,111 ,111 ,15 ,13 ,13 ,11 ,111 ,1 13 ,11531 1153 31311113 ,131 1311111311
1131 11111 ,13 v· 1⁶ ,1111 ,1111 ww ,111 ,11 ,111 „ww ,113 ,15 ,15 ,13 ,11 ,111 ,1 13 ,11133 1113333331
1111113 ww v. ιο ,111111 ,33 ,13 13 ,1351313111111111133 1111111111311 ,111 ,13 ,11 13 ,1111113
,113353131131113115113111 ,1111111311,11-,11131 ,1111 ,13 ,313 ,15 ,15 ,13 ,13 ,11 ,11313 ,1313
,111133 51111131 1311111 ,11 ,11 ,15 ,15 ,33 ,111 ,3 13 ,1315111113 v. ιε ,3111111 ,11 ,111 ,131 ,11 ,1 13
13 ,1313 13113 »115111 511115 ww v. w ,13 ,11 ,11 13331351111113331111111111 ,13 ,13 ,13 ,313 ,1513
,3313 ,11333 1 153111, 11333 ·3 ,13 ,33 ,33 ,113 ,115111 153111, wo v. ιο ,11111 ,ww ,13 ,33 ,131 ,113 va* ,1

,13111 ,11 ,111 ,15 13 ,135 113133 31115113 11 13 13 313111 3131311 1’3 31133 5331111115113131.11 ,113
:ww ,111 ,31111 ,11 ,13 ,111 ,111 ,,13 ,13 ,3 ,15 ,15 ,15 ,13 ,33 ,131 ,11111 ,3 ,1 ww 3115331 13 v. 2⁰

⁷!

111133 1131τ 13 v. 20 ,31113111 ,33 ,113 ,11 13 ,3313 3351331 1131 113 ,11 ,33 ,1113 ,111133 3115331133

,111131 ,311 ,111 ,113 ,11 ,33 ,13 ,33 ,33 ,3 ,15,1513 ,13 ,33 ,131 ,11 ,13 ,11 ,31 ,111τ ,13 ,1 ,1
,15 ,15 ,13 ,11 ,11313331311131113131 :ww ,13 13 ,3133 11131 113ξ1111133 :ww ,111 ,1111 ‚ww

,13 ,33
166

 

