„sem 685-10
1ρῷ 11131 3133113 11313 5
11313· ,313 313133 3ῤ3ξ> ab&
ww
”Wfflffiffl
‘ zwmm
, 1131313111 311313 131333
1313111133 313131ςὶ 8113113
twwfflffl
wffimmss
fflmffifflss
fflmwwwwm
*rb ,31

Λ.
zwffifflffl
wwmm w
twmwffl

,1133333113313311[11333[113311 13 ,13313 133 113 ,3331 133 [313 [15 [13 ,11 [11 13 ,3311313111 wo v-⁵
333ξ1113ν-5 ,3131313 ,333 133133 ini? 1331333 :⁵¹¹7 [13 [113 ,15 [35 ,13 ,1313 ,333 331133 11313 33 ιε
,ὃ [15 [13 ,13 [33 ,33 ,131 [11 [113 [31 ,31 [111 ,13 ,1 ,3 nnn: 31133 31311313 v.5 ,33 [13 ,13 [1113 ,113313
,313 ,13 ,13 [311 [131 [11 ,31 ,113 [13 [15 :b 13 ,113133 ,31133 313113 wo 111113,1”13,1“3,11”3[1“111 [33 ,33
33911333 1131») 13 v,5 ,33 ,33 ,13 ,3-1 [313 ,13 [15 ,13 [131 [11 [11 [11113 ,3333133315 ,3333313 ,313
A& [13 [13 [33,13 1331333 3133 11311 313 twa ,313 ,1313 [311 [13111 ,31 ,113 ,113 [13,35 ,31 ,11 ,1 [.3
11111 ,33 v.⁵ ,15 13 ,33331133 runs 172³& 331 1131 ,11 [111 13 ,3333111133 13113 ,ww ,133 hys-10
,313 [15 [15 [13 [33 ,33 ,11 [13 [11 m [1 13 ,113113 31133 1131 wc v-⁶ ,33 :ww [311 [13 ,33 [113 [13 13 ,33113
[13 [13 1333113 111133 wo ν, o ,313 [33,13 [113 ,1331 11333 11131 113313 ’1 ,1333 ,1113 ,333 ,33 [33 [13
31351 11313133 ν. ⁷ ,1333 [1113 ,3-1 ,13 [13 w [13 [κ’ [13 [1 13 ,11313 13113 113133 1311112113 v· ⁶ ,11113 ,ww
1313331113 113 ,3331 tw ,13 [131 13 ,1133 313311 3331 ¹ 133 13 ,1333 ,1113 offis 3111 1331113 ,3513
Ἰ3 ’1133133131 ww ,113 ,3113 [13 [113 [33133 3331 1133 313· wo v-⁷ ,3113 ,33 ,111 [13 [13 ,33 ,11 [ε’
13 ,13)ξῇ 31331 s ,15 [131 [11 [κ’ 13 [333 1311331133 311113 wo v.⁷ :0¹¹⁸ 13133113) tw ,313 ,333 ,33313
wan 11131313 11131 3313 ,13 ,1·3[33[313,15,15[13[11 fx* 13 ,33313 11311313 wo we ,113 1313311 1111 111
1111313313 ,3113311 ,3333 ,33 ,κ’-1 [311 [33· ,33 [13 [313 ,15 ,13 ,35 [13 [13 [33 [11 [1313313131
[33 ,11 [11 [31113 ,33113 11 313 v.⁹ ,33 [313 [35 [13 ,11313 :ng 333 v. ο ,33331 [13 [13 ,13 13 ,13313 1113
[33 [313 ,13 a& ,33 [33 [111 [11 ,3 ,3 13 ,331313 1133 ’113 wo v· ⁹ ,1113 ,133 ,313 ,311 ,33313 ,13 [13 [13
[13113 ,13131133 ,3131113 wo v. ιο ,nn [13 [33 [113 13 mm 1331313 v. ⁹ ,313 ,333 [33 ,13 ,33 ‚ww
’13 ,1113 3133 111313 1131333 Υ3333 ,1113 ,313 ,13 ,13 ,113 [313 [15 [13 [11313 ,133 3133311313 w 11: [113

,131331

136

 

