315313 89 16-511

333Ν3

vfflwmm 1
tmffiwwm
meffiw
mmww
ffiffiwss
mefflfflfflss
333333
133333
ffifflfflwww
wffiffiffim
fflmfflw
twwfflffiffl
fflffiwwffi 5

,111 ,3133111153 111313 113 v. 11 ,11111 ,111 ,1111 ,11 ,111 ,111 ,311 ,33 ,13 ,3 ,1 13 ,11113 1335 ,13115
13 :p 1315133 1315111331 1133 v. 51 ,33 ,13 ,13 ,11 13 ,111133 1131133 113 111 ,ww ,313 ,35 ,33 ,31
11113 313113 1533113311 3131 tw ,13 ,131 ,111 13 ,1333 11313 3131 11333 311131151Ξ13131ζμ113 v. 15 ,15
13 ,11133 1331311 ’313 13 5113 33331111131113113 311111 331311 13 31133 5331 ,33 1³ ,133 11113 1131
,1111111 ,111 ,13 ,311 ,33 ,3 ,13 ,31 ,11 ,13 ,111 13111113113113131111513313311113111 ,ww-1 ,311
11131 331 113 v. 11 ,11 13 ,135 31333 111 1111 1111 ,3 ,31 ,11 13 ,135 13331111, 113311 ,ww ,11111 ,111
,33 ,31 ,13 ,33 ,1113 ,11113 3333151 ,11113315311113 1111111111 ,111 ,13 ,31 ,111 ,1 1³ ,11313 51333
:w ⁷⁹· 1115111 11111 113 110 11115113 13 v. 11 ,113 ,111 ,11 ,111 ,15 ,31 ,31 1311113333 11111
,1 13 ,31131131 11,ξέ 113 1135 111113 11133 1³ ν. 11 ,1111 ,33 ,33 ,13 ,13 13 ,1131313 331 ,13 113 v. 11
,1111 ,33 ,33 ,13 ,1113,31135311311311111131 11113 ,1111 ,1111 ,111 ,111 ,33 ,11 ,15 ,13 ,13 ,11 ,111 ,3
,111 ,111 ,311 ,33 ,13 ,33 ,15 ,13 ,31 ,11 ,11 1311131153113133333155 ,131 ,1113 ,111 ,111 ,111 ,111
,13 ,13 ,33 ,31 ,11 ,11 ,111 ,1 13 ,11113 11531 11133 -13 ,13 v. 41 ,3 ,33 ,13 ,111 1³ 31113 33 131 1113
1113 13111 ,33 ,35 ,13 ,33 ,1113 ,11313 13113141 ,1111111111 ,1111111111 ,111 ,1311 ,33 ,3 ,15
,13 ,11 fx* ,1 1³ ,311 1131113113 1111 ,111 ,31 ,13 ,13 ,3 ,15 ,15 ,33 ,31 ,11 ,11 ,3 ,11113531
11331131 3531 ,13 ν, 3 ,311 ,11111 ,111 ,131 ,1111 111 ,111 ,111 ,311 ,1311 ,33 ,11 ,33 ,15 ,13 ,13 ,33
133 13 ,11313 11131 11313 1331 11531, 3111 111113 ,11131113 ,13 ,13 ,113 ,1311 ,33 ,13 ,11 ,13 1³ ,13313 11131
,33 ,33 ,15 ,35 ,33 ,31 ,11 13 ,3313 5111111 113 v. 11 ,1111 ,33 ,1 13 ,1113311313 11133 3531ἶ 111333
,13 ,15 ,15 ,13 ,1111311113113111131 11111 ,311 ,13 ,35 ,13 ,33 ῑ3,13131133111·1131.51 ,111
,111 ,111 ,35 ,13 ,13 3,,33311311111133151 ,111 ,33 ,13 ,31 ,11 ,11 ‚w 1311113333313111151
13 13 13351 nm: 1111 1311 ,35 ,13 ,3 ,1 13 ,111113 v. 51 ,313 ,35 ,13 ,13 ,1 13 ,1111113151
,13 ,33 ,15 ,35 ,33 ,11 ,13 ,11 ,111 ,3 13 ,1311 ’,333 13 v. 51 ,33 ,15 ,13 ,11 133113131133151
311111 113 v· ⁵2 ,13115 511133· 113 133 111 13 ,11353 111311 3111 ’53 53151 ,113 311 3131111 11113 ,1111
1311111111 1111 111 13 ,1111 11313 13113 133 111 11111,111·1,1111111 ,11313 1311 ,33 ,31 131111 1311313111
13 ,111 ,111 ,311 ,313 ,33 ,15 ,13 ,33 ,33 ,31 ,111311 ,111113 ,11113 ,1131111 113151 ,313 13 ,1113 111
,11111,111311111311133,13113333 ,15 ,13 ,33 ,11 ,13 ,11 ,111 ,113 ,,33 113 1111 1133151 ,1111111 ,1113

198

 

