8³ 16-84 3 111511 113

1111113331
1111111111 11
¹ 111111 1111111
11111111 311
1111 1111111111
1111111311 11111.
1111111111
111511111311131111
11315151 1111
111111-511 11335
111313 1111115
1111111111111
11311 1111
111111111511111111111131
11111111
1153531111

,33111113111131311111131 1111 ,111 ,111 ,11 ,13 ,3 ,15 ,11 ,13 ,11 ,1 1153113111111311111.11
,3 ,1 11 ,111331331111111131111 ,111 ,31 ,13 ,11 11 ,3113 3113 111111 1111 11111111 313 115
111111 ,111 ,11 ,111 ,13 ,15 ,13 ,13 ,31 11111131111351111111111311 1111 ,111 ,111 ,13 ,31
,3111111311115111111111311ν. 11 ,1131 ,111 ,111 ,111 ,11 ,33 ,15 ,13 11111111111115111
,1131111 ,111 ,311 ,13 ,15 ,15 ,33 ,11 ,31 ,3 ,111,11111111115111311-11 ,15 ,15 ,33
111331 115 ,13 11111311111111311 1111 ,111 ,13 ,33 ,15 ,13 ,13 ,33 ,31 11 ,1113 11311. 11
,113 3511311351 11111 311 v. 11 ,111111,1111111 ,13 ,13 ,15 ,15 ,13 ,13 ,11 111311
,111,11311111113111351111111111111131 1111 ,111 ,11 ,111 ,111 ,13 ,33 ,13 ,13 ,11 ,31 11
111 113 ,15 ,33 ,113 111113 ,1113 3131. 19 ,3111,1131111113111111111111111 1111
11 ,11131113 11131 1111 ,111 ,111 ,13 ,31 ,1 113513 ,1113 331 111111115111131113
3131 113 ,33 ,15 ,11 ,11 1131131113311111 ,1111111111 ,11 11 ,3113113111311 13 ,15 ,13

,3311,1111311513131 113 ,33,13,31111113111111531311 ,Ἶὲ ,11111111111111133
,1113111111 33 11 ,111 ,11111 ,15 ,3311 ,1113 1111311 v. 1 ,15 ,15 ,1111 ,311311115111311 115
,1111 ,11 ,111 ,111 ,11 ,13 ,13 ,31 ,3 31135111111111,11111ξ 311 ,1151 1131 1311131 115 ,11 ,11 11
,33,13,131111131111113313131 1111111 ,111 ,111 ,131533111131131111 1111111113 311 11 ,111
3-1 ,11133 11.11131111113131 1111311213 ,31 ,3 ,31 ,11 ,3111131311111 313 v· ³ ,117
,15 ,13 11 ,35131 111111 ,11151111 ,111111 111311 113 ,13 11 ,1113 3513 11151111 111111 1311311
111133 1311 ,111 ,1111111111 ,111 ,31 ,31 ,13 ,15 ,15 ,13 ,11 ,13 ,11 ,31 ,1 111311111111.1
,15 ,15 ,13 ,33 ,11 ,11 ,31 ,1 11111311531113 ,111 ,11 ,13 ,3 ,13 ,31 ,11 ,3 ,3 11 ,13131 3111·
,13 ,13 ,31 ,11 ,11 ,1 113 3511 3113 51311111 3511113511111 ,111 ,111 ,111 ,111111 ,111 ,11 ,33
11 ,11111 3511 113 -511 ,113 3511 1113 511 31 1111 ,111 ,111 ,11 ,111 ,11 ,111 ,13 ,111 ,33 ,3 ,15 ,15

,111 ,11113 ,13 1131131113535113111 1311 ,11 ,31 ,13 ,13 ,33,11,3,,1
313

 

