115111
mmww
www
Qwffiffi
ww&
1111511 11111
1111111 11111111 1111111
ww&
ww&
mmm
mmm
&ww
ww&
me
ww&
zwwswws 11111 yyy-ww&
Qwfflwffiss

mmm
&ww ss

111 1-5 ,11 ,15 ,11 ,1 11 ,111111 111111 nvn v. ε ,11 ,111 ,11,11 ,11 ,111 ,1 11 ,11111 1511 1111 11 11115
,111 ,15 ,11 ,11 ,11 ,111 ,11 ,111 ,11 ,1 11 ,111111111111111 ,1111111111 ,111 ,11 111111511111111111
111 1111111111 ,11 ,11 ,11 ,111 ,111 ,11 ,11 ,11 ,111 ,11 ,11 ,11 11 ,1111111111111 ,1111 ,111
1111111111111 ,1111 ,111 ,15 ,15 ,11 ,111 ,11 ,11 ,111 ,11 11 ,1111 111111 1511111111 ,11.15 1151111
11 ,1111111111111 ,111 ,11 11,11111151111111-1111111111 115 ,11 ,111 ,11 ,1 11 ,1111111111 ,1111
wo m ,11,11 ,11 ,111 ,11 ,11 ,15 ,11 ,11 ,11 ,11 ,11 ,11 111111111111111111 111 ,11 ,111 ,11
111111111111111 ,111 ,11 ,111 11 ,11511 ’11111111 11111111 1111111 ,15 ,11 ,11 ,11 ,11 ,1 11 ,1111 1111111
111111111111511111111111111111 311111 ,1111 ,11· ,1ῠ ,111 ,11 ,11 ,111 ,11 ,11 ,1111111151111111 111111
,15 ,11 ,11 ,11 ,11 ,111 ,1 ,11111111151111111111111111111 1111111111 ,15 ,11 ,111 ,11 11 ,111111
,11 ,11 ,11 ,111 ,1 11 ,111111111111110 11115ε115 51111 ,1111 ,111 ,111 ,111 ,111 ,11 ,15
,11 ,15 ,15 ,11 ,11 ,111 ,11 ,11 ,1 115111111111111- 11 ,1111 ,1111 ,1111 ,11 ,111 ,111 ,11 ,15 ,11
,111 ,111 ,15 ,11 ,111 ,11 ,1 1111111111115-11111 31111111511111111 :ww ,111 ,111 ,11 ,11 ,111 ,111
,11 ,11 ,111 ,111 ,15 ,15 ,11 ,11 ,11 ,11 ,111 ,1 1111151111111111111111111. 11 .1·11,1”11,1’11.1·11,1”1
wo v. 12 ,1111 ,1111 ,111 ,111 ,11 ,15 ,15 ,15 ,,11 ,11 ,1 11 ,11111 1111111111 ,111 ,1111 ,111 ,11 ,111
,ῑ 11115111111111111. 12 ,1111 ,1111 ,1111 ,1111 ,11 ,111 ,11 ,11 ,15 ,11 ,11 ,11 ,111 ,11 ,1 11 ,1111111111
,11 ,,11 ,11 ,,11 ,11 ,11 ,11 ,11 11 ,111115111111111111111111ν. 1³ ,1111111111 ,Π1 ,11 ,11 ,111 fs* ,11
,111 ,1111 ,111 ,111 ,11 ,11 ,111 11 ,1111 15111111111111 1111111111111 ,1111 ,1111 ,1111111111 ,Π1

,1111 ,111 ,111 ,15 ,11 ,11 ,11 11,11111ζ111111111.13 ,1111

76

 

