315111
ffiwm
AAA;·523 ’1111
Qmwffl:
Q&
ffimfflffl
*ww
wmww
mmm
Affiwm
333

fflfflwss
WWQ
mmmm

²372&ss *3¹7ssssss
133·11111133-1311133 &Am-⁴:233 43
zwfflm
1331111111111131331 44

11111 315135
,13 ,33 ,11 ,13 ,31 13 31113 11111111, 313 ν. ³⁶ ,11111 ,1111 ,3111 ,111 ,111 ,111 ,1111 ,33 13 ,3313 *ab 313 v. 36
,15 ,15 ,13 ,33 ,11 13 ,3313 5111313131 ,13 ,3 13 ,3113 11131 11111111, 1131133 1111 ,15 ,15 ,13 ,13
,11111111133111111 3113 v. ³⁷ ,3111 ,1111 ,311 ,113 ,15 ,15 ,13 ,13 ,13 ,13 ,31 ,3 ,1 13 ,1111113131 37
1111111111, ..113 11133 1111 11115131111111 ,311 ,113 ,3 ,15 ,15 ,13 ,33 ,31 ,13 ,11 ,31 ,3 ,1 13
,1115131111,1111111111311311 ,13 ,11 ,11,31 ,13 ,13 ,33 ,13 ,13 ,11 ,11 ,11 ,31 ,13 A* ,111 11111
313111 ,111111115131111311 ,3 ,15 ,15 ,13 ,13 ,31 ,13 ,11 ,31 ,11 ,1 13 ,111111111113111111 313 ,,11
11111311 13141 .1111,111,311,13 ,13 ,13 ,33 ,3 ,15 ,15 ,13 ,13 ,33 ,131 ,13 ,31 ,1113111311
’ 313 13111,1111,111,,111,13 ,31 ,33 ,3 ,15 ,13 ,13 ,33 ,11 ,11,31 ,13 313 353 1111111 111133 11111111
,15 ,13 ,31 ,113 ,1 13 ,11133 1111111 1113 353111331111113113131 1111 ,111 ,11 ,11 ,Π 13 ,3113311311 1111111111
3531 331311, 3131. 42 ,13 ,15 13 ,1133 1111111 111311 11111111 1111111111 1111333 111111 ,1111 ,1111 ,111 ,111 ,13
,1113 ,11313 ’A 1131133 13111.111,1111,111,111 ,111 ,111 ,33 ,3 ,15 ,15 ,13 ,13 ,33 ,131 ,13 ,31 13 ,11113
’3 ,113 11111 13133 13 511 1311 13 v. 4³ ,1111 3111 ,3111 ,1111 ,311 ,15 ,13 ,1313 13 ,111111 313 v. 42 ,13
,13 ,Π 13 ,353 11311135 313 1311,111513111131313111 ,13 ,13 ,13 ,11 ,1 1311 11111135 131 ,113111 133
,11111 ,1111 ,1”1“ι A& A& ,111 ,3““1 ,ΠΗ ,ἾῺ ,13,13 ,ΠΙ ,Π ,Ἱὶ ,er ,13 Ab 175 ,15 A} ,Ἤ ,35 AA* A* ,Ψ 18³
,131 ,11 13 ,3313 ,11311131 313 v. 11 ,1111 ,13 ,33 ,15 ,15 ,33 ,11 13 ,3313 11113135 3131 11111 3111 ,1111
,31113 111111 ,131133 11111 ,111 ,15 ,11 ,31 13 ,3113-113111311’3131.41 ,11111 ,1111 ,111 ,111 ,33 ,13 ,13
,113 ,33 ,15 ,33 13 ,11113 11111 *Al 313 v. 11 ,13 ,11 13

270

 

