*5757 755
7757 55755 55
5353 77.-5075
7757 557 55 75
55 5335555 7557
7757 55755 75
775· 355 7577 7575 7577
7757 55755 55
75755 755 555555
7757 55755 55
5577 5555 7555
17757 557 55 75
5333353553,
55353 53553 5
53535 775 53353
7757 55755 75
3553 755 55555
55353 33533 5
7777 5555· 553
77757 55755 75
3353 5777 ,3533
55353 533553 5
55 355 53555533
55353 7755 7
5555553 555553,
7757 55755 53
755· 555 575 1415,65555

77777717 55775 33 35 33 55 353535 533 , ,, ,
33,,3 3333 333335 3 33 3 ,33 ¹575577555 355533 3,3 33 ,333 75 5335335
3,,333 33,5 353 533333355333533 ,333 ,,33 333 ,3 33353355 3335555555355
,333353 ,335 575777717517 5 55 5553 ,33 ,35 ,35, 3,,3,333333 755755757755757
555,3 53335333333535 53353553 ,55ν-,ε ,3555535335 3353 ..7575 ,33 ,33 ,333 333 ,33
,,3353 53335555, 7757-5 5 3535533555 333 33 3 3 ,5 353533 ,5557557577
,353 ,33 ,35 ,333 ,3,, ,3533 23,,,Ι 5555333 333 3,3,3 3333 ,33 ,33 ,3 3333553 55333 33333 ,333
,5 75 577 ,33,55 .75..57575577775v. ,ε

303

 

