35311

33333

. 31113 5555
5555 1331331113· 111113

1131331313
3535 1333111115

13313111· 5⁰55
555· 5555 5555

2555 555 :5515
1311113131

1313131333·
1113113 1·,,53

1331333 ,·1,
1113133113 13111,

313111, 33313
11313 555 1131

3311313133

1113333311131
1311313333 11
11311333 11333
11313 555 13 5³ ,·11 ,15 13 ,13131 1133 13 331333 ε3·1,13,33,13,33 ,11 13 ,1113311531 »133 13 11313
,1 13 ,1313113313 1311 ,111 ,311 ,11,111 ,311 ,1111 ,13 ,33 ,15 ,15 ,13 ,13 ,33 ,31 ,11 ,13 ,31 ,1113

,,13 ,13 ,15 ,15 ,13 ,13 3311· 3331313113 m ,31-1 ,111 ,13 ,113 ,13 ,33 ,13 ,33 5 ,15 ,1· ,1
331313131311131333 1131131315 1311113331311313ε·11·1111,··,·131’,·,·11131

55v¹ ,1·,-11311131 111311113313315 ,15 ,13 ,33 ,31 ,1111 1333115113 4
,15 ,13 ,13 ,11 13 ,11313 3111311113 5⁴ ,311131 ,13 ,13 ,15 ,13 ,13 ,31 ,1 13 ,5133 ,13113 111111 5555
,13 13 ,1313 15 ,1313331 11111111 ,111 ,15 ,15 ,31 ,111 131133153111313113111335 ,13 ,33 ,15
13 ,11313 1113111313 ,15 ,13 ,33 ,13 13 ,11313 11311113 5⁵ ,13 ,33 ,13,131313311335 ,13
1311 ,15 ,33,3111113 ,111 ,13311 1113 113 ,13 ,13 ,11 ,11 13 ,1131333311 5⁸5 5⁷ ,311 ,··1 ,111 ,31 ,33
,111 ,13 ,33 ,15 ,15 ,13 ,13 ,33 ,11 ,31 13 ,11313115 11311 ,113 ,33 1313333331331333
3313,3·31313,13331·3υ. vs ,1111 5,1,3331333131311··31 13 3311313331311311
,113133331313 ,313133153ν 31113 33 ,1131313333111311 ,··,·,,13131313
,1313331333 ,13 ,33 ,15 ,1113 ,133333131113 ιο ,11,,1131333 ,15,13311·1,3,3,1113
151333111313331531133 ·311113 n ,·,·131 1,15,,1313,11531511 1131. 10 ,331113 31

313331153135115113 11 13133311131331311313 ιι ,13,,113333
,1111111 ,13 ,13 ,31 ,13 ,111 ,3 ,1 13 ,1313 5555 3131311335 13 ν. 11 ,311 ,1·’1 ,13 ,313 ,15 ,15 ,13

202

 

