ἸΨ ,Ἶῦῦ

111111 113 15511113
13111111111111
. · 1111131111ῳὲ
11511 1111111111 1111111
1111311111
111111111111111111
111 1111 11111
1111111 131, 11111131
22 y 11111111331111,
11111111111111111 .
22 113111115111311111
11111135 3131511151
24 ’ ¹ 1111111111111111111
1111111111 1111111
2⁵ 11111 1111111111
111 111·11,1111.1·11,1·1,1·1 ,11931131 ,113 ,313 ,13 ,15 ,33 ,131 ,11 ,111 113 11531 11311 13, 1³ v. ιε
mmmmssmfflmmwmmwmwfflwwmmmmwm?
,15 ,11 ,11 1³ ,1111111 qap, 1111. ιο ,131115 1115111111 1111113 1131 15513 113511131513111 ,111
,Μωμωπῶωωῶωμωωψψμωπρωψμωκ
13 ,11511 ,11313 1111 1111 ,15 ,13 ,33 ,11 ,11 13 ,mm ,11111 11111 v. 20 ,13 ,113 ,313 ,11 ,1111111111
1111113121 ,1111111111 ,311 ,13 ,13 ,33 ,131 ,13 ,111 ,113 qm? 1111113 111111 111ῳέ1 wo v. 2⁰· ,13
wo: v.21 ,1111111111 ,13 ,313 ,15 ,13 ,131 ,13 13 ,111 11111111 315 ,131 ,111 1311111111113111111
mwfflmmssfflnwmwwfflmmmssmmmfflmpmmw
11 v.21 ,111 ,11111111 111113 ⁵3¹? 111 ³³⁷5- 511 1111111111311,1111111 ,111 ,15 ,131 13 ,1111 1115113 v.21 ἵ
,111,111111111111 ,13 :n ,13 ,15 ,15 ,15 ,13 ,13 ,33 ,111 ,11 ,111 ,1 ,1 ,11111 111111 1³30,
nfflffmmwwwmmmmmmfflwwpmwmffimmwww
,wwffimmfflfflmmmmmhffimmwwmmfflfflmew
,11113111111111115311351 3131131151Σ 111113 1111 ,113 ,15 ,11 ,13 ,1 13 ,1113111511-11113511113 11111
3³ ,1311151111111 ,11111 ,1-11 ,1111 ,13 ,w ,113 1311133111111135111111111 313111ῳρ1 tvm 113 ,1 1³
afflmwwmmwfflwmwmmmwmbffimmmffl
pmmwmwfflwwwmwwmmmmwffiffmmmffifflpmm
manmmwnpmmzmffinsswnwfflwsmmn‚wawmwfloma5m1wnww
11111111 wo v· 2⁴ ,1111,1·1,111,111,,1”1,13,15,131,11,11,111Ῑ3 ,51111113111111131111111111 1111111111
1111111111111131111 11111111 1111 31111 ,1111 ,11 ,13 ,13 ,13 ,131 ,113 ,111 ,13 ,111 ‚pop 11113 nunu
mmmwmwmmmssssmmmmmmwmwmu&pm
qpnffinnnnssfflnffiitwwawlw m 1Ῑ3γῳηωω11113ΨΝῡιπ,11111111Ἦ
mhmmmwmmmwmwmmnmmmsswmnfflmhmwmp
, 113111 1111 ν. 2⁵ ,11111 ,1111 ,111 ,1111 ,13 ,13 ,15 ,15 ,35 ,13 ,13 ,·13 ,33 ,131 ,11111131311111 1115111111 ν. 2⁵

,111 ,111 ,11 ,111 ,1111 ,13 ,13 1111111113 [1111
143

 

