3533 4111-423

3333331
&ww
ssfflfflwmssw

33333

3333
1351151135313331
33333
35113111 3511111
33*

⁴

’111133
1313135 53113 31135 214
4514·4.³*4.15·¹11101713121 5133 1
wffiwwffiffi
ffwffiwffiffi4a
33
,13 ,13 ,131 13 ,1131 3313 ,1111ἶ ,11131 3111 133 ,15 ,13 ,33 ,11 ,1 11 ,131 3113 3131 ,11131 33 v· 11
133 ,15 13 ,3333 11111 311333 1311 ,111 ,11-1 ,11 ,111 ,1111 ,13 ,15 ,33 ,31 ,1 13 ,3313 3111313311

,3313 3511111 3-3 v. 11 ,33 ,1531113 ,113 ,3313 31133 11135 3131111 33 v. 1³ ,13,33 ,15 ,15 ,13 ,13
,13 ,13 ,13 ,33 ,31 ,11 ,113 ,11 ,31 ,3 ,131113531111311111114 ,111 ,11 ,11 ,11 ,13 ,13 ,113 11
,11 ,31 ,13 ,13 ,11 13 ,1113 3531 3313 1111313 1311313131,11.11 ,111 ,13 ,111 ,3 ,15 ,15 ,15
,13 ,11 ,113 ,31 13 ,3113131 35111 ’,1131331131 331311 31 3133533131 351111 13 v. 11 ,31-1 ,111
,13 ,11 ,33 ,3 ,15 ,13 ,113 13 ,135 33133133 313 ν. 14 ,311 ,311 ,111 ,111 11 ,11133 35111 Δ11 ,13
,131 ,31,113 ,3113 ’31 ’1133-511111131313 ,2113 ,11 ,3 ,15 ,113 13 ,1333 133 13 31131Ι 14 ,11131
,11 ,11 13 ,3113 31133 113351, 11113 331 113 13 ,3113 3113 3111111351, 11111131 1111 ,11 ,11 ,33
33 3331331311 ῃ3 3133 111111 v·4 ,13 311131 ,333 313 ’5533 3151 1331 31 313331. 2 ,33 ,15
1133111 ,311 ,11-1 111 ,11 ,111 ,111 ,111 ,11 ,31 ,13 ,13 ,3 ,131 ,13 ,11 ,11 13 ,1133 353 11331 11313
,33 ,33 ,11 ,31 13 ,13333 11313 ’131 13115353 1331313 111”11,111,111.1”1 ,15 ,11 ,1 13 ,13313513
,13313313 ,11 ,15 ,15 ,11 ,13 ,1 13 ,3313 33331153 1113113331 ,13 ,15 ,13 13 ,133 35331
1333113331 111 133 13 ,13333 1113 ,13331 131 11 13 ,13333111113ζ131131 113 ,33 ,11 13 ,1333
,33 ,11 ,31 111135111351515351113 ,13 13 3113511533331131 1113 13 ,11533 51153
,1 ,11 13 ,1133 5151115115 33 131-1111 ,131 11 ,135111333111333 5151535 13 ,111 ,11 ,111 ,111
1111513313311111133135135131 1111111 ,1111 ,11 ,31 ,13 ,13 ,3 ,15 ,15 ,15 ,13 ,13 ,113 ,11 ,11
’11111331 11111 ,111 ,11 ,15 ,33 ,11 ,11 ,31 ,1 13 ,3113 11111 33 v.³ ,13 ,13 ,33 ,131 ,11 ,1131133311

mmmmm

84

 

