Ξ,
333 ΒΞ ,..,,,,,,,,,,,Ὴυ
„033 3 ,Ξ
33 3. Ξ, 33
333 333 033
333 33 ,Ξ
333 3333 ,Ξ 303
Ξ 33 3 ,υ
333 Ξ 3
3333 ,Ξ ,Ξ
333. 333 ,Ξ
,Ξ ,Ξ 3333
303 3333
,Ξ 3333 ,ᾖ ,3
Ξ 333 ,Ξ , 3
333 ἕ 333 3

33 333 Ξ,

3 3 3 33 3, 3 3 ,Ἲ- 33 Ξ 3 3 Ξ 33 33 3 333333332
3 3 3 3 3 Ξ, 3 3 3 33 Ξ, 3 3 „3 3 333 Ξ 33 ,Ξ ,Ξ Ξ 3 3
3 ,Ξ 33 3333 33 3 Ξ 3 333 3 3323 ,Ξ Ξ ,33 3 3 3 3 3
,Ξ 333. 3 Ξ ,3 3 3 3 3 3, 3 3 3 3, ,Ξ 33 3 Ξ Ξ 3 3 3 3
3 333 Ξ..- 333 33 3 3 3 3 ,Ξ 33 333 ,Ξ 33 3 3 3 3 3 33 333
,ΜΞ 3 Ξ 3 3 3 3 3 ,ἒ 33 3 ξ ,33 3 33 3 „3 3 3 3 3 3 3
3 3 3 3 3 3 3 3 3 Ξ 33 Ξ, 23 3 Ξ 3 3 3 3 3 3 3 3 3 ,Ξ

3 3 3 3 Ξ 3 3 3 3 3 3 3 3 3 3 3 3 ,,., 33 Ξ Ξ 3 3 2
33 3 3 3 3 3 3 3 ,Ξ 33 33 ,Ξ ξ 3 3 3 3 ΞΠ, 3 ΞΕ 33 3 ,Ξ

3 3 3 Ξ Ξ 3 3 3 3 3 3 Ξ, 3 ,Δ 3 ,Ξ 33 33 ,Ξ 33 ,ἒ 3 Ξ
333 „3 3 3 3 3 3 3 3 3 3 3 ,Ξ 33 Ξ, 33 33 333 ,Ξ 3 3

3 3 ,Ξ 33 ,Ξ 33 33 ,ἒ 3 3 3 3 3 3 3 Ξ 33 ᾗ, 333 3 ,. ,Ο 33 3
3 333 33 33 ἐ 3 3. Ξ 3 3, 3 3 Ξ 3 33 ,Ξ 33 ΞΗ, 33 Ξ 3 3 3
Ξ 3 3. = 3 3 3 3 3 3 ΞΒ 3333 3 ,. ,, 33 33 33 3 3 3 3 3 3 3
3333 ,ΕΞ 33 ,ἔ 3 Ξ 3 3 Ξ 3 3 3 3 3 3 3 3 3 3 3 3 ,Ξ
3 3 ,Ξ 33 33 33 ,. ,, 33 3 Ξ 3 3 3 3 3 3 3 3 3 Ξ, 3 3 3 ,Ξ

33 ,Ξ 33 3 3 3 3 3 3 3 3 3 ,Ξ 333 3 3. Β 3 3 3 3

Ξ

 

