3151111 , 898-16
wmfflffiss ε
1113133·’13·’31 1111111
&ww
fflfflffl
3313113131
3133113313311 ruffi<
zwfflfflm
fflfflwm
‘fflmwffi
mfflwss
1311331 111131 ,3111131 &sim
ῦ11111ἒ111118 11ἒέ11111
1111.Ἴῖ W 11151,ῦῖ 11311
3113131 313111
zmwa
111·ἓὲ 11ἒῷ 11111111, Ρῑὲἕ 1⁵
fflfflmffl
1121111 *aff* 0³33] 111118 1⁶

111113 3133 wo v· ε ,1113 ,111 ,111 ,111 ,1113 ,3115 ,33 ,111 ,11 ,111 ,11 ,111 ,1 ,11 13 ,11333 ww 1331, 1113 v. s
,13 ,111 ,11 ,111 ,11 13 ,1151 31111313 11111. 8 ,15 13 ,1111 ,1111 3113 1111 13113 ,11 ,13 ,11 13 ,1133 11531
11531 mm 13 wo v‘o ,1113 ,1111 ,3111 ,15 ,13 13313111311111111ξ 8¹¹0 v. ο ,1113 ,1113 ,33 ,111 ,15
,1111131113111331131 11118 :b ,15 ,33 ,11 ,111 13,133113111113ν.ο ,15115 ,33111 131111
,13 ,31 ,15 ,15 ,33 ,111 ,11 ,11 ,111 13 ,11111 11313 1113 11 ,13 13 ,mm 133 ,1111311111 11113 ,113 ,113
,111 ,113 ,13 ,13 ,31 ,15 nb ,111 ,1111113 ,1333 113 111 11133 m ,3111 ,1111 ,113 ,113 ,111 ,113 ,1111
131311331311333 ,31 ,33 ,31 ,313 ,3 ,15 ,13 ,35 ,13 ,33 ,11 ,11 rw ,3 13311311111111111
,1113 ,311 ,111 ,13 ,11 ,1 13 ,11113111131111113111111 1111 ,111 ,11 ,13 ,11 ,11 1311113313111111111111113
133 1133133 1131. ο ,11 13 ,111133 111331 31133 11111131 zm 111 13 ,111311113111111 11111131, 311 ew}
1311111113 1111 11311133 ,1133113131333 ,1111111311 v· 10 ,111,1111115,131111111111113 ,1111
,111 ,33 ,11 ,11113 ,1111 ,11311131 1111131113 ,311 ,1 ,3 11 ,31113 1131311 1533 111133, ,11111 1113 v. 11 ,131
33111111 1113131111313111133111331113311πη11131 ,11131113131131311131 3111111113
wo v. 11 ,11111 1311311 111 111113 ,1111 ,13 ,111 ,11 13 ,111 113 1-113 11133 ,11131 13111113 ’,κ’ mn '¹1 11111
,15 ,15 ,13 ,13 ,13 ,11 ,111 ,111 ,11 ,1 13 ,3311 113111 ν. 11 ,33 ,15 ,35 ,33 ,111 ,111 ,11 13 ,1111111113
m v. η ,ww ,11 ,31 ,11 131133311131131-11 .1111,1113,1113,11,113 3111 ,,’111 ,11 ,111 ,1 y³¹7
,11 ,,-1 3311 1111 13 v. ιο ,3111113 ,1111 ,13 33 13 ,11111 11331]ἶ 3113 v. 1⁵ ,13 ,15 ,13 ,11 13 ,1111311313
*mm 11111,11111111,1111111313,1111,31113 ,ΠΙ ,13 ,2³ ,Τΐέ ,Ξῶ ,13 ,Ἶῖ ,35 ,10³ ,Ρ 18⁸

,11113 ,11111 ,311 ,31 ,311 ,13 ,16 ,115 ,13 ,111 ,11 ,11131 ,1131111
194

 

