999
9.,,. 9 5 9,,99 9999 9999Γ fi- 99 99, fi 9999 999 999 9999, 99 99, 999 99,, ,99, 99,,,9 9999, 99 ,9,
9999Γ 9999 99 ,9, ,9, 9.,,9 999, 9, 99999 J< 99999 9999Γ, 99999, 9,,,999 9999999 999 9999, 99 9,.. ,9, mr.

9999 9999, 99 9, 99, ,9, 99,, 99,. 99 5 9,,,9 {a 9 999999 fi- 99 9, 99, 99,, 999, 9,,,9 99,, ff„-

,9, ,9, 999 999999 99,, 99 99,. ,9 5 99 ,99999 999999 999 9999 9,,99, 99 99, 999 999 ,99999 9999999
9999 9999, 99 9, ,9, 99, 999 9999999 ,99,,9 ,99999 9999999 9999999 999, 99, 9 .,, 99 ,999 9999, 99 9,
9, ,9, 99, ,.,99 99,,,9 m} 999, 99 ,9, 99, ,9, 99, mn 9, 99, 99, 99, 9,,9, Ξ. 9 5 99 aaz}
9999 9999 9999, 99 ,9, 99. 9 5 999999 9999. 99,,,9 9999 999, 99 ,9, ,9, 9 5 9,.,9 99999 9999, 99
99, 9.,,99 9,.,9 9,.99,, 9999, 99 99, 9,, 99, 999, 99, 99, 9,.9, 99,, 9,,9, 9,,9, 9,,99 999999 99,, mm} 9999
,9, 99,. 9, 99 99,, 9999 ,9 ,9, ,9, ,9, 99, ,9, ,9, 99, 99,, 99, 99, 9, 99, 99, 99, 99,, 99, ,9,
9999, 99 9, ,9, ,9, 99, ,9, ,9, 99, 99, ΦΓ, 999, 9, 99, 99,, 9,,,, 9,.9, 55 9,, 9999999999, 99 9, ,9,
99, 99, 999, 9, 99, 99,, 99,, 9,,,9 9,,99 999 999999 9999 99999 99 9, ,9, 99, 9.,,, 9,.9.. 9,, 99 99999,
99, 9., 99 m& 9999, 99 9, ,9, mn 999, Q 99, 99,, 9.,9.. 9,,,999ΓΓ9Γ 999 9999, 99 ,9, ,9, 99,
9, ,9, 99,, 99, 999, 99, 99, 99,, 999, 9.,9, 9,, 99.. 55 99 99999 999, 99 9, ,9, ,9, ,9, 99, 9, 99, 999,
,9 5 99 9,, 9999 {aff 99 99, 99,, 99, 99,, 9999 999 9,, 9999, 99 ,9, 99, 9 5 99,.,9 99 999 9999, 99
9, ,99999 9999999999
, 999999, 99999Γ9,9
5 9999999, 9999 99,,,99
,9999 , 9999999 999999
9999 9999999 99999
999 ,999999 ..99999999
999999 9999, 9999
R„ 999, 99999999
9999999999 9999999, 99,.
,99,,9 999, aff ,
,ἓξ nswff ΠΓΠ
99999 gfff&
9,,9,,99,.9,,99.,,,9Γ
99999999 9999999
9999999 99,,9Γ 99
ΓΓΓΓΨΡΓ RF matr„
9,,99 9999999 ,999999
9999999 w} 9999
99999, 99999 ,99
99999ῃέ ἒ, 9 &ruff
355ss 9 ,999 999 stt„
9999

 

