9999

99, 99, ΦΓ, 99, 9Γ, 99, 99, 9,, 9.,,99 9999999 9999999. 9999 99Φ9 999, 99 9, ,9, Φ9,
999. 9999, 99 9, ,,9, ,9, 99, 99, 99, ΦΓ, Φ9, 9Γ, 99, 99, 9,, 9,,9, ,9 9 99 ,999999 Ξ, 99 ,9, ,9,
9, 9Γ, 999 999 99,. a? 9Φ9 999, 99 Γ,, 9, ,9, ,Γ, 9Γ, Φ9, 99, 99, 99, 9Γ, 99. 9 5 {53
9999 9, ,,9, ,9, 99, 99, Φ9, 9, 9999, 99, 99, 9,, ,.,,,9, 9,,9, 9,,999 999999 Ξ, 99 ,9, 99, 99, ΦΓ, 99, 99,
99, 9Γ9 999 999999 9999 9999, 9 Γ,, 9, ,9, 99, 99, Φ9, Φ9, 99, 99, 9.,,9 9999. 9 5 a ..999 99999 999
9 5 99 Φ9,,999 Ξ, 99 9, ,9, 99, 99, ΦΓ, Φ9, 9Γ, 9 5 99 a? Ξ, 99 ,9, ,9, 99, ΦΓ, Φ9,
Φ9, Φ9, 99, 9Γ, 9 9 999 999 999, 99 9, 9, ,Γ, 99, ,9, 9Γ, 99, 9Γ,, 99, 99, 9,, 99, 99, 9Γ,.
9Γ,, 9 5 9,, . ,Φ9,9 9,,9,Φ, 9999 99999 999 99999999. 99999999999999999,
,999999999Φὲ ,9, 99, ΦΓ, 9, 9Γ,. 9 5 999 Φ,. ,.,, ..zan-,5 9Γ,
, , Φ Φ99 999999999999999. 9 5 99 99,.. Ξ 999 9999, 9 ,9, 9Γ,
,. ,9. ,. ,, ,99 99 99.. 9 5 99 9999 9Φ9Φ, 999, ,9,99, Φ9,99Γ,, 99, 9,, 99999999 999
,9, 9, ,9, 99, ΦΓ, Φ9, 99, 9,,9, 9Γ,, 999 9Φ99, 99 9, ,9, 99, 99, 9. 9 5 9 ,99 999, ΦΕ 999 mn
99999 Φ, 9999, 9, ,9, ,9, 99, 99, 9Γ, 999, 999.. 9 5 99 ,999 ,,99Ξ, 999 9999, 9 99999, QZ} 99
9,, 9,,9, ,.9,9. 9 5 99 Φ,,9 Ξ, 9 9, ,9, 99, 99, Φ9, 9Γ, 9,,.. 999 99 ,Φ, 99,, 9 ,,9, ,9, ΦΓ, Φ99
, ,9Γ, ,9Γ, 99, 9,,, 99, 99 9999. 9 9 99 ,,9, 9.,99. 9Φ9 99, 99 ,9, Φ9, Φ9, 9, 9Γ, 99,
99,, a 99 , 9,. 9999, 99Φ9, Ξ, 9 999 999999 9999 99Φ9, 99999, 9 ,.,,9, ,.,,,999 9999 9999, 9,,99, 9
9999 999 9999, 99 ,,9, 99, ,9, ,9, 99, 99, 99, ΦΓ, Φ9, Φ9, 9, 99, 9Γ, 99, 99, 9,, 9999 9999 999,
,9, 99, 99, ΦΓ, Φ9, 99 999 ..999 9.,999 99999 99Φ, 9 9, ,9, 99, Φ9, 9Γ, 9,9, 99, 9 5 99 9999
9999 99999999 999999 999 9999, 99 9, 9, ,,9, 99, 99, Φ9, 99, 9Γ, 99, 9,,9, 9,,999 999 9,, 9999 99Φ9 9999, a
Γ,, ,Γ, 9Γ, 99, ,9, 99, 9, 99, 99,, 999 999 9999999 999 9Φ9 999 9999999 99999, 99 99,, 99, 9,, 999
,9, 99, ΦΓ, Φ9, 99 9999 9999 9999, 9 ,9, ,9, Φ9, 99. 99 5 99 ms} 999 9999 99999 9Φ9 999
99 9 99 Φ,9 9999 999 9999, 99 ,9, ΦΓ, Φ9, 99 9999. &a 9999 {ff 99 99. 9 ,9 99999999 99999, a 9Γ,

9999 9999999 9999

ἓξὲἓ
5. RQ} 325}

999999, 99999 999
En ΦΓ99 aff„

,99 99999 fian
,ΕΡ-,Ψ ἓξ

99999 9 99999,
fifh—,n ΗΞ ηπ

,9999999 9999,
{a 99,,ΦΓ, ,,,9

ΗΕΓ-Ἠ, &rs-meg
9Φ9999 mx 99999

hs ὃς ff
99999, 99999, ,,,Γ,9

z μνη-9999999999 asan&

,9999 w: 9999

 

