,9 999
99, 99, 9Γ, 3 3 3 99.
9Γ, 3. 3 99 99,, 999, 99 99, ,9, 99, 9Γ, 999, 99, 9Γ, 9,, 99 ,999 999, 9 ,9, 99, ,9, 99, 9Γ,
99, 99, 3 3 3 3 9,,9, Γ,,,9, 999. 3 999 99 999 99999, 99 9, ,9, 99, 99, 99, 9Γ, 999, 9, 99,
99, Γ,,Γ. 3 99 ,9999 99,, 99 ,9, ,9, 99, 99, Γ,,, Γ,,9. 3 99 999999 33 9 9, 9, ,9, 99, 99, 99,
9, 99, 9Γ, 3 3 3 99 9999 999, 9 ,9, ,9, ,9, 9, 9, 9Γ, 9, 9,9, 99, 9, 9Γ, 3 3 3
9Γ, 9 9, Γ,,. 3 99 99,, 9Γ99, 9 ,9, 99, 99, 9Γ, 999, 99,. ,3 99 ,9999 Γ999 999, 99 ,9, ,9,
3 99 9999, 99 9, ,Γ, ,9, 99, 9Γ, 9., 99 9999999, 999999 999 99 Γ, 99, 999 9999999999, 99,,99
99, 9, 99, 3 Γ,,Γ9 99 a„ 9999, 99 ,9, ,9, 9Γ, 99, 99, 99, 9Γ, 3 Γ,9,Γ,,9,Γ,,, 9,,9, Γ,,9, Γ,,Γ9,Γ,,9.
99,, ,999 ,99999 9 ,9, 9, 3 3 9 999 999 Γ, 9, 9, ,9, ,Γ, 99, ,9, 99, 99, 9Γ, 9, 9, 99, 99,
999999 ,9999 999999 99, 999, 99 99, 9Γ, 3 99 ,999999 99 9 9, 999ΓΓ, 99, 99,,9, 9Γ, 3 99 99999
99 ,9, 99, 9Γ, 99, 9Γ, 3 Γ,,Γ, Γ,,9, Γ,,Γ, Γ,,9. 3 99 999999 99,, 99 ,9, ,9, 99, 9Γ, 9, 9999
,9, ,9, ,Γ, 99, ,9, 9Γ, 9, 99, Γ9, 9, 99, 99, 99, 9, 99, 9Γ, 3 3 3 3„ 99 ,9999 ,99 999,
99,. 9., 999999 99, 99999 999 99,,,9 99999 99, 99,, 9 9, 9Γ, 99, 9Γ, 99, Γ99, 9999, 999 99 Γ, 9, 9,
999. 9, ., 99 99999 999 9999 9999, 99 99, 3 3 Γ,,9. 99. 3 99 99999 9999, 99 99, 99, 99,
ηη, 99,, 9η, 9η, 999, ἦ 99, 99, 99,,Γ. a ,9, 99 99,, 9999 99,,9, a 9, ,,9, ,9, 999, 99, 999, 99,, 9η, ,,,,9,
99,, 33 33 99 9, ,Γ, 99, 9, 99, 99, 3 9999,Γ,,,,Γ,,Γ,Γ9,9,Γ,,,9. 9, ,, 99 ,99 999Γ 9,,9, 99 9, ,9,
999 Γ, 99, ,,9, ,9, 999, ,9, ,99, nn 99,, 99, 999, »,9, 999, 99, 99, 99, Ε, 99,, 99,, 9.,9, Ξ, 9.,,9, 99,-99 999
,9, 99, ,9, ,9, 99, 99, 99, 9Γ, 99, 9, 9Γ, 3 Γ,9, Γ,9, 3 3 99 9.,,9, Γ,,,99, 9 ., 9 999 9999 99999
99, 9Γ, 99, 9Γ, 99, 9, 99, 9Γ, 3 3 99, 3 3 3 Γ,,9, Γ,,9, 99. 9, ., 99 9999 9999, 9 9, 9,
,9 ,, 99 99999 9Γ99, 99 ,9, ,,9Γ, 99, 9Γ, 3 Γ,,, 9,,9, Γ,,9.9 999 9999 999, 99 9, ,9, ,9, 99, ,9, ,9,

,9999 999 999,

,9999999999 99,,
9999999 9 ,999999 999, 99,,999
99999 99999 ,99999999
9999 ,9999 999999
ἓὲῗὲἓ
9999 99999 9999 99999,
9999 9999999 ,9999999 99,,,9
9999 , 9999999 ,9999999
,9,Γ9 9999999999
,999 ,999 9999
,ΓΕ ᾧ ΕΞ
mm . anthap
9.,,9 ,99999 99999 &ff
999999 9999 9999
99999999 99999
99Γ 999,

 

