115111

1111
τψψψ
wffim
ww
twfflfflw
1111111 11111 15111
*wmw
&mm
vwwfflwwwf
&mmmffifflu
wmwss
111111 51111
mwwffiwffl
ffiwwww
1111 15 11111
&Q
Ξ1115 11115 ⁰ 1111
ffwww
wwffmb

,11111111111111111111111111111 111 ,15 ,15 ,13 ,33 ,11 11 ,1111 1111 1111 1111111 11 ν. 2⁵
’,1111111111 ,1111111111 ,1·1 ,Π11 ,11 ,15 ,1311111111111111121 ,11 ,11 ,311 ,15 ,13 ,111 ,11
,11 ,1 1111111111111121 ,111,111,111,11,1”1,1”1 ,31 ,15 ,15 ,13 ,33 ,111 ,11 ,11 ,11 ,1 11 ,1111
,111111111511111121 ,311 ,15 ,15 ,15 ,13 ,13 ,33 ,11 ,11 ,1 1111111111111 ,15 ,13 ,111
,1111 ,111 ,11 ,111 ,111 ,15 ,13 ,111 ,11 ,11 11,11111111111”11ν.11 ,111 ,15 ,15 ,13 ,13 ,13 ,111 ,11
,111 ,11 ,11 ,11 ,11 ,11 ,Π 1151111111111111ν.21 ,111 Π3 ,11 ,Π 11 ,1111111111511551111121
,111 ,11 ,111 ,11 ,1,11 ,11 ,15 ,11 11 ,1111 111 11111 11 111 ,11 ,11 ,11 ,11 ,1 ,15 ,15 ,11
,1 ,1 11 ,11111111 11115 11 11 121 ,13 ,13 ,τ 111111 ,11 1111111111 1111111111 1111 ,111 ,111

111128 ,111111,11111111113115 ,33 ,11 ,11 ,1 11 ,11111 1111 11111111 ,311 ,15 ,15 ,33
,33 ,11 ,11 ,11 ,11 ,Π 1111511111 .1“1,1·1,Π11Π11,311 ,15 Π5 ,13 ,13 ,111 ,11 11 ,1111 111 111
,11 ,Π11 ,Π1 ,11 ,31 ,111 Π3 ,11 11 ,1111111111111111 1111,111,111,11 ,111 ,311 ,11,15 ,15 ,15
11111111111111111111 1111 ,13 ,13 ,11 ,11 11 ,111111111111151 1111 11111111 111 111111
,111 ,111 ,11 ,111111 ,Π11 ,Π1 ,11 ,15 ,11 ,11 ,111 111515111111121 ,111 ,1111 11111
111 1111 ,111 ,111 ,1111 ,1155 151151 11111 1511 11 111 ,33 ,111 ,11 ,1111 ,1111 1511· 11131
= 1111111 15115111 1111111111 1111 ,11 ,33 ,11 11 ,11111111 111 v. 11 ,11111111511151151 1511·
1111111113] ,1111115115111111111 1311311,11,11111111511111 ,1111111511
,11 ,1 ,Π 11 ,1111 111111115111111111 ,111 ,11111 ,1111 51 11111131 ,33 ,1 ,11 ,11 ,111
1111511111 11111111 ,1111115 51111131 ,11111111,11,111111151111111 1311 ,15 ,11

,11 ,15 ,11 ,11 ,111 ,11 ,1,,1 1111111111111111 111
40

 

