A*bAA
*fflwfflffl
3311 31333 11133113 1ο
mfflwwl
111153 33· 1111311133
Affiffiffiz
11111111 31153 351
135 1113531 1111311113
13111-53 113513 115313
twffiffim
ffimwmA
mmfflwss
AWAAA 3
Afflfflw

,13 ,33 ,31 ,11 ,13 ,31 ,3 ,1 1111 111111 1111353131. 3 ,13 ,33 ,15 ,13 ,11 13 ,,1113 11111313 v. 1⁹
1311111111 ,1111 11111 ,11111111 ,3313 ,1331 1311 111313 33 111111 ,1111 ,111 ,11 ,111 ,13 ,3 ,15 ,15 ,13
,3531 353 1111133 1111333 1111311 ,11111111 ,13,111,11,31,13,15,13,11 ,11,,113 ,11· 3531 11 131 11111113 331
33111 313 v. 20 ,11111 ,111 ,111 ,13 ,13 ,31 ,13 ,31 ,3 ,113 ,131333113115331111331313 ,311 ,1313
313111 ,1111 ,111 ,11 ,111 ,13 ,15 ,11 13 ,11113 ’31311311 ν. 21 ,13 ,15 ,11 ,13 ,1 13 ,3313 31133 111511
3111 11331, 313 v. 31 ,113111113111131111 ,13 ,13 ,33 ,15 ,15 ,13 ,13 ,11 A* A 1333135115
11111111311331 111 ,13 ,1 13 ,11313 1333 1111311 3133 ,1111 31333 1111333 11111 ,11 ,13 13 ,3133
A* ,31 ,3 ,1 13 ,3531 353 31315111 313 v. 22 ,11111131 ,13 ,13 ,31 ,3113 ,11313 13113 11111331 11113 113113
,11 13 ,13111 1311 11115311 1111 131 13 ,311111 1111311 33113 1113531113151111 111 131 ,13 ,3 ,15 ,13
1111131313 ,111 ,11 ,15 ,31 ,31 13 ,11113 3 331 111 ,13 ,13 ,11 ,1313 ,333 3531 3313 3 331. ²³
1111133 ε311,111,1”11111,11 ,1113111111 ,13 ,111 ,3 ,15 ,15 ,13 ,13 ,33 ,11 ,11 ,31 ,3 A ,1 353
,11 ,13 A* A 13 ,3313 1313 313 v. 3 ,1111 ,1111 ,1111 ,111 ,13 ,11 ,13 ,13 ,33 ,13 ,31 ,13 ,11 13 ,131
313 v. 3 ,15 ,13 ,13 ,3113131313313333111 ,1111 13113111111111 ,13 ,33 ,15 ,15 ,13
,11 Ab ,15 ,1313 ,3313 ,1113 13111 ,135 331 1111 ,13-,15 ,33 ,31 A* ,31 13 31133 111113 ι 1311 ,135
,33 ,15 ,15 ,13 ,33 13133313313333111 ,111131 13 ,3313 31133 1311 ,135 1131333 11111 ,11
,111 ,13 ,33 13 ,11113 111111 11113113νΙ 24 ,31 ,13 ,15 ,31 ,3 ,1 13 ,11111 313 ν, 11 ,1111 ,111 ,111 ,111 ,13
,135 33 3111111113 ,3313 ’111 133 ,1351111331 113 ,33 ,33 ,31 ,31 3113 ’31 133 ,13513 115
3313133 ,135 3131 1111113113 ,3333 1113133 3351111133 1315 ,15 ,15 ,1113 ,31133 11111111 133
1131135331 113 ,13 ,A 13 ,33133 1111111 1113 ,135 1111331 1111111111 ,13 ,13 ,13 ,11 13 ,11113
11113 3131 1111 ,15 ,11 A 13 ,3313 1133 313 v. 25 ,311 ,111 ,111 ,31 ,113 1313313 1113 ,11111 3531
1113353 13511 111331113113351 13 v. 2⁵ ,1111 ,1111 ,111 ,13 ,13 ,31 ,13 ,31 ,3 ,1 13 ,1313 113111 11111

Ἶ

13 ,11133 1135111 1113 353 1111 111351 311 1311 ,1311111 ,111 ,13 ,11 ,31 ,13 ,13 ,3 Ab ,13 ,11 ,11
,11 ,111 ,33 ,15 ,15 ,33 ,31 ,11 ,313 ,1 13 ,1113 353 11111111 1131151 331 11111 ,131 ,13 ,13 ,13 ,1
,13 ,13 ,31 ,3 ,1 13 ,353 1111115111 ,13 ,15 ,31 ,11 ,1 13 ,3133 1111111 111151 *A 11151331 ,111 ,11 ,111

,”Ἱ ,λ”Ὶ ,ΝἻ Ab ,Ὶῖ
90

 

