11815-1191 1111111111 ’
2⁵ 11 111111 1111111
111 11111 111111
fflfflfflffi
1111Ἶῖ mm 1111ἵὲ5
1151111111 ¹ 51
1111111 1111111
1111111 1111111-11
1111 11111
1111111 151
111111 ,11111 1111
1111111151

1111111111θὸ
111111 1111111 111511

2 11151 1151 ’111111
1111111151

11111 1111 111 ,13 ,11 11 ,51151111111111 111 115 ,111 ,11 ,11 ,11 11,11111111111111111111-15
,11 ,11 ,1 111111111111111111111 111 ,15 ,15 ,13 ,1 11 ,115 ,1111 ,1111111111 1111 v. ²5 ,1 11 ,11111 11111
,1111111 ,51151 11111 11111 111 111 v.2⁵ ,111 ,1,11 ,11,111111115111111 111 wo v.25 ,11
,1111 11111 11111111 11511 ,511511 1111111111 1111 11111 ,111 ,11 ,11 ,11 11 ,11511 1111 ,111 1111 111
,33 ,11 ,11 ,11 ,1 ,1 1111111111111111-15 ,111 ,11 ,15 ,13 ,1 ,11 111151111111111511111115 ,111
[1111111111 151 1111 ,11 wo 11111 ,1111 ,111111 ,111 ,111 ,11 ,11 ,11 ,11 ,11 ,15 ,15 ,15 ,13
,11 ,11 ,13 ,111 11 ,11111 1111 ,1111 1111111111 .n¹·³·1 ,1111111 ,11 ,111 ,111 ,111 ,11 ,1 ,11 ,11 ,11,11
111111 5151 115 11111 ,111 1111 ,111 ,1 11 ,115ζ 11111, ,111111 11111 ,111 ,15 ,11 ,11 11 ,115111111111
,11111 111111 1111 ,11 ,11 ,11 1111111111111111 ,1111111111 ,11 ,,11 ,111 ,11 ,13 ,1 1111111151
1111111111 111 1-11 ,11111111 ,111 ,11 ,31 ,15 ,13 ,111 ,1111111111 111 1111 111 ,11 ,11 ,11 11
,1111 ,111 ,111 ,111111 ,1111 1111111111 ,11511111,1111111111,111,1513111111111151
,1111111111 1111 111111 111 1-1 ,11 11 ,11111 ,11111 111 31 ,15 ,3.’,1 ,11 ,111 111111111111111-11
,13 ,11 111111115115111111 ,111 ,11 11 ,1111 11111 ,11-115, 111111 v. 2⁹ ,11 ,15 ,11 ,111 ,111 11
,111111 11 ,15 ,,13 ,11 11 ,1111511111111111111 ’11111111 v.1 ,1115 ,111 ,11,31,15,15,13,11
’1111 11111 ,1111 1111 ,1111111111 ,111111111111111111 111111 1111 111 ,11 11 ,11111 11111111111111
,1111 ,111 ,11 ,111 ,15 ,11 ,11 11 ,11111 ,111111 ,111 11 ,111 ,111 ,11 ,11,13 ,11 11 ,11111 1111111
,1111 ,111 1111511111 1111 11111 ,111 ,111 ,1111 ,15 ,33 ,11 ,11 ,111 ,11 ,11 ,Π 1111111111111111
1111111111111111111111 1111111111 ,11 ,111 ,11 ,11 ,11 ,11 ,1 ,15 ,11 ,1 ,1 ,1 11 ,1111 11111
,111 ,11 ,1 ,15 ,15 ,13 ,11 ,11 11 ,151 111111 1111 111 ,11 ,15 ,3111 11,11111111111111’111’,1”11
,1111 11111111, wo ν, 2 ,15 ,1 11 ,11111115 111111 11111 ,111 ,111 ,31 ,11 ,1111 ,11111111151111

' ,111 ,111 ,111 ,15 ,11 ,11 ,11,11 ,11 ,1Ἰ ,1 ,1 11

265

 

 

