&m
mfflwffi
wfflwss
1111151 11111 111111
·wmfflffi
111111 1511111111
11111-511111131 1 111111 11111311
Wffiwa
ww&
&ww
2wwww
31131 3111111111
mww
mmmm&
ww&
mmmm
wffiffiffi
wffiwwwm
111111 1111 11111

wo v· ε ,15 ,15 ,31 ,31 11 ,11111 11511 11113 11, 11131- ε ,111 ,111 ,111 ,13 ,13 11 ,1131 1111 1111111111λ ⁵
,111111 111 1131 11111 ,11 ,33 ,11 11 ,11111 11511111311111131.1 ,111 ,3111 ,11111 ,11·111 111 ’1 ,3 11 ,1111111
1111111111 ,111 11 ,11111 113111111111111111111 1111 ,111 ,15 ,13 ,13 11111111111131 11111 ,111 ,13 11
,13 ,11 ,1 11 ,11113 1111111 1511111 11 wo 11 ,1111111 ,111 ,3 ,15 ,15 ,13 ,13 ,11 ,13 11 ,1153 11111131
11111. ⁷ .1131,1111,111,1·1,1111 ,3 ,15 ,115 ,31 ,11 ,13 ,3 11,11111111311111ν.τ ,1111111 ,11 ,33 ,15
,33 ,11 ,13 ,31 11 ,113 11511 111111 15-111 wo v.⁷ ,11111 ,1111 ,13 ,13 ,31 ,13 ,111 ,1 11 ,11111 11311111
,15 ,13 ,13 ,13 ,33 ,31 ,11 ,113 ,.“1 11 ,11131111151111111111111 v.⁷ ,11111,11111111111111111 ,13 ,13
,1111 ,11 ,33 ,115 ,13 ,33 ,11 ,1 11 ,11111 1111111 1131111513 v. ⁷ ,11111 ,1111,1111,1·1,111,111 ,1111 ,15
1111111111 1111111 11111111 ,11 ,1 11 ,111111 111 1111111111 11131 313 ,33 ,15 ,11 ,,11 11 ,11113 1111111111131. ⁸
111113 11111111 1111 113 ιε ,1111 ,33 ,31 ,3 11111111111111111 11111113 11111 1111 ,111 ,13 ,111 111111 111111
113 v.⁹ ,11-11113 ,15 ,31 ,13 11 ,11113111111111 111111 1111 113 v.0 ,15 ,115 ,13 ,11 ,3 ,1 11 ,111111
,31 ,13 ,1113 ,1 11 ,131113111115111 11111111 1111 v· 10 ,33 ,15 ,33 ,11 ,1 1111113111113111111111511
1131 115 ,15 ,13 ,13 ,11 ,1 11 ,11111 111111 11111 11511 1111113 111115 1113 v. 11 ,1111 ,1111 ,1111 ,11-1 ,111 ,13 ,13
,15 ,13 ,13,113 ,1,111111111511111111 1111111 11111 11 v. 11 ,3 ,33 ,31 11111131111111111311111115

1111511 11111 111111 ,1111 ,1111 ,31 11 ,1111111111111 111111151111111115111 wo 1.·111 ,1111 ,111 ,11,31 ,13 ,33
,11 ,1 11 ,11113 11 wem ,1111,1·11,11,111,1·1,3 ,15 ,15 ,13 ,33 ,11 ,13 ,11111 1111111115111111151
ημωὼώ3ω11ψωωψωηκὺώ1

44

 

