3333 777

’3333 33333 333333 .
3335 333 33333333

333 333 333
33333333, 333333

333-333 33333333
¹ 3333333 333 333

333335 3333ο 33333
3333333333533333335

33333 533 3 333333
’ 33333353 3333 3333

’33 3353 33333
33333 33333333

333 333 ’333
333333 333 333

333333· 3333 3333333333
333333 3333133· 3333

19 333533333333333

,33 33 ,33 ,33333333333331 ,33 33 ,3333 333 333 333 335 ,35 ,33 ,33 33 ,3333 3333 333 v. ιι
,33 ,3 33 ,33333 333333 3333 33333 3333 3333 33333 ,333 ,3333 ,333 ,333 ,333 ,33 ,33 ,35 ,35 ,33 ,33 ,33
3333 ,333 ,333 ,35 ,33 ,33 33333 3333333 7³ v· 1³ ,333 ,333 ,33333 333 ’3 7³ 775 333 v. 11 ,33 ,3 ,33 ,33
333333 33 ,33 ,33 33 ,333 3333 333 3333 33333 333 ,33 ,33 ,33 33 ,33333 333333 333 3333 333
33 35 ,33 ,33 ,,333 3333 3533 333 ’353333νΙ ¹³ 3333333333 3333 333 33533 333 3333
333333333333333333333333 v1⁴ 3,33,3 33333333353333333353333 333333
,33 33 33 ,3333 33 53333 333 3333 315 ,35 ,33 33 33333 333 333 3333 3333333333 333333 3,333
33 33 3333333333 533 333 33 33333 ,333 ,,33 35333 ,3333333 5333 33 333 ,3,333 333 ,33
,’.·3333 33 33 3,3,3,35 3,3 3,3 ,33 33 33 3333 3333533333333333, 1⁵ ,3,333 3,3333
,33 ,333 ,,3.333 ..3333533333 ’333333 33533333333333331333,333,3333.3,3,33333333
333-5 3 333 v. 1⁶ ,35 ,33 ,33 ,33 ,33 33 ,3353 3333 333-53 333 v. ιε ,3333 ,33 ,33 ,33 ,33 ,33 ,35
5333 333 νζ 17 ,33 ,33 ,33 ,33 ,33 ,τ 33 ,3333 3333 333 3333 333 ,. ιο ,33 ,35 ,33 ,33 33 ,3333
333ν vm ,33 ,3533 3333 3333 33333 ν33 33 33 3333 33533 333 333 533333 3333
,33 ,33 ,33 ,33 ,33,33 33333 3533 3333 757717v1⁸ ,,33 ,33 ,33 ,33 ,333 ,3333333 33333333
’35333 333333 3333533333 ,33,3,3333 333 333333 33 33 33 333,5 35 35 33
’3533333 ,333 ,35 ,33 33 33 333333 3533 1⁹ 3333 ,333, 33,33 ,33 3,3 33 33 3333 3533333

,33 ,35 33 ,3333 333 3333

89

 

