ῃήῃῃ 74 21-75 5

3Ν33 m
WWWQ
3313 ,3313 31353 ,3313 3
wffiwmmw
3533 513 133333
wwffiffl
wwww·ww 33135
wmww
31353 1 35111313
wwwffl
333
3313 353 ww
zwwffi
Qwfflffl
Qfflww

153353 3155135 31333 ⁵
1313 ,11 ,11 ww ,31133 333 331 133 ww ,1313133333331 11113 ,113 ,113 ,ww ,15 ,33 ww ,133 331333 v. 21
ww v. 21 ,33 ,13 ,13 ,11 ww ,3113 ww 33 v· 21 ,1111 ,13 ,33 ,35 ,13 ,31 ,313 ,1 ww ,353 :wa 331
113 ww 3153113111 111113 ,1113,1113,·13,1·3,113 ,311 ,33 ,11,313 ,13 ,13 ,33 ,31 1113353133135315533

353 31113 15531ἐ 331 13113 ,3113 ,311 ,131 ,13 ,13,15,33,113,31,1,,3ῑ3 ,133 353 31331 3113 11113 1553133
,113 ,15 ,33 ,131 ,31,.3 ww ,333 3313 3353 15531 w 3135331 ,13 ,15 ,35 ,31 ,11 ,11 ,3 ww ,11133 31331 31111
3311331133 313311 331 11133 ,313 ,311 ,33 ,3 ,15 ,35 ,13 ,13 ,13 ,31 ,31 ,1 ww ,353 33313 33 ν, 23
,113 ,31 ,11 ,3 ,1 ,3 3311 353 ww v. 2³ ,33 ,313 ,15,11 ww ,1313 3133133 v. 2³ ,13 ,15 ,131 ,31 ww ,13133
,11 ,31 ww ,35335111 33 3133313,113,113,113,33,311 ,13 ,13 ,11 ,31 ,13 ,13 ,33 ,3 ,35 ,33 ,33
,3113 ,1113 ,131133 ,31 ,13 ww ,3113 ,3511 w 31351331 ,3113 ,3113 ,1113 ,3113 ,3113315 ,15 ,13 ,13 ,31

133 ,15 ,35 ,11 ww ,3333 31333 3335 11313 33 v.1 ,113 ,113 ,33 ,11 ,31 ww ,1311333335 33 ν.ι W

35· ww ν. 2 ,311311 ww ,11113 3313 3335 31313 113333 115 ,13 ,13 ww ,33333 3131113 3335 31313 331
,13 ,33 ,33 ,13 ,13 ,33 ,3 ,15 ,35 ,13 ,13 ,33 ,31 ,11 ,13 ,1Ὶ ,3 ,3 313 3531353 ww ,1 ,13333
5314 ,13-13 ,1133 ,3143 ,311 ,11 ,31 ,15 ,33 ,31 ,3 ww ,wwwww 3353 35 33 113113 ,1113 ,1113 ,ww ww
,13 ,131 ,13 ww ww 333 3133531 33 v.2 ,11 ww· 315311 ww> :www 33 ,11111 ww ,33331331 : 33331331
53 3131 1113113 ,113 ,33 ,33 ,3 ,13 ,33 ,3131 ,3 ww ,31313531 333 ww 33 v. a ,113 ,311 ,33 ,15 ,13
3314 ,11333 ,311 ,33 ,131 ,15 ,35 ,13 ,13 ,33 ,31 ,13 ,1 ww ,353 33135 33 1-4 ,1113 ww ,wwww 33
,15 ,13 ,13 ,11 ,13 ww ,1313 ww: 331 111113,1113,1113113,113 ,113 ,311 ,13 ,15 ,33 ,131 ,3113 ,1333133
ww ww ,335 11313 1333 31313 w ,3111 ,1113 ,1113 ,ww ‚ww ww ,311 ,33 ,15 ww wwwww 1131 3135 33 v. 4 ,33
,131 ,113 ,11 ww ,333 353 31333 353 33 ν. 4 ,33 ,15 ,35 ,13 ,13 ,33 ,11 ww ,3333 313133 33 v. 4 ,ww
,13 ,15 ,w ,31 ww ,11113 3313 31353 3155135 33 v.⁵ ,13113 ,1113113313 ,www ,33 ,11,33 ,13 ,13 ,33

‚ww ww ,3331 ,3113 53 331 111113 ,1133111113 ,113 ,311 ww ,www 3531 11113 53 33 v· ⁵
158

 

