33533

.. > 3333333 33333
³³³²?- Ψ
3333 333333
33Πῖ fflffi'll 1³20
3333-333333333333
’335 3333ε ⁰· 333
333333333333333
3333333 3333333
33333 33333
*px* 333353 3333
33333Ἱῖ ww*
333333 333. 333 3 33333
333333 333 ⁰ 33333
3333 33333
3333333333 333333
35333535 33333333 3

,33 ,33 ,ψη ,w ,33 ,33· ,33· ,33 ,33 ,3 ,33 ,33 ,33 ,33 ,33 ,3 ,3 ,3 3: ,3 wanga 33 333333 m
zum ,333 ,33 ,33 ,33 ,33 ,35 1³ ,333 *nn 335333 333 :ny ,333 ,33 ,3 1: ,3 333 ff ·

,35 ,33 ,33 ,33 ,3 33 ,333 33333 33 ,333 ,33-3 ,333 ,33 ,33 ,33 ,33 1² :p 335333 '13³2 „
333 ,333 ,33 ,33 ,33 ,33 ,33 ,33 ,3 ,35 ,33 ,33 ,33 ,33 ,33 ,33 ,33 ,3 p ,53333 rw 733 333 333
mm? 3333 nm] 33 38 ,33 ,33 ,33 ,33 1³ ,3333 333 3313333 wo ιτ ,3 3313 33533 w xww
,3, 3: xp] ’33 -533 m: ³¹1⁷ -333 'nn-&513³ v.s ,3 3333 33533 33333 333 ,33 ,33 ,35 ,35 ,33 ,τ’ ,33 33
3333 ‘513³ 33 :vv-1 ,33 ,33333333 ,333333 ,3333 ,33 ,33 ,3 ,vab 35 33 ,33 ,3 ,3
333 33 3333 333 333 v.⁹ ,33 33 ,pu ’33 53333 333 tw ,33-3 ,33 ,33 ,33 ,33 ,33 ,3 ,3 33 :sap 3333
:13:132523 3313333 333 ,33 ,33 33 ,3333333333 3333 333 33333 233 ,33 ,35 ,33 ,33 33 333 3533
3333 m 3333333333 3333 ,33 ,33 33 ,33-333 333333 3333 333 333333 333 ,35 ,33 33 ,33-3 3333
333 agan-233 33333 :ww ,333 ,33 ,33 ,33 ,35 ,33 ,33 ,3 33 ,333 3333 3333 33333 33 v. 10 ,35
333 333. 11 ,35 ,33 12 ,3333 33333 33333333 , xpm ,333 ,33 ,3 3³ ,333 3333 33333 3333
181* 33 ,333 333 333 sum ψ» 12 ,33 3³ ,nm *¹1⁰1 ’33 ,35 ,35 ,33 ,33 ,33 ,33 ,33 ,3 ,3 7: ,333
33333 333, ,35 ,33 ,33 jn ,3333 333 {12 ,33 ,33 ,3 ,35 ,33 ,33 ,33 ,33
,33 ,35 ,33 ,33 ,33 33 ,333 333 33353 =n1³ ,33 ,τ’ ,33 33 ,33-333 3333 m> 3333333

‚vn-1 ,33 ,33 ,33 ,33 ,3333 ,3 ,35 n& ,3 *anm* ,33 ,33 ,3 ,33 ,3 ,τ 3 ,333 wrm 33 v. 1³
,33·,33 ,33 ,333 ,33 ,3 ,35 ,35 ,35 ,33 ,33 ,33 ,33 ,33 ,33 ,33 ,33 ,33 ,3 353 3333333 3333 333 '2 ν, 1³
ε3ψ3 ,33 ,333 ,33 ,33 ,33 ,33 ,3 p ,333 33333 353 xmp 333 333 333 :ww ,333 ,333 ,333 ,33 ,333 ,,33
,3333 33 {sn 3333 w: 333 v. 13 ,33 ,33 ,3 33 ,333 333333 333 33 333

3333333 333333
33333333 3333 , . ,
’ Ἰ,3333333333

320

 

