'Jw 1313
affl&
11113 3131111
nwwwffi
wfflffwffi
Qfflfflm
11133111 1111511 11111
311511 1111 1115111111
wwwffi
fflffiwm
Qfflww
zwwfflw
ww&
nwffl
ww&
wwwm

wfflwffi
1 sswffi
3111 ’51111 3111111111

,111,111111111111 ,111 ,13 ,31 ,313 ,15 ,15 ,13 ,13 ,33 ,111 ,11 ,1 ,κ’ 11 ,111111111111
,115 131113 1113151 113 111 ,1111 ,11111 111 113 ,111 ,313 ,15 ,1313 ,51133 111111 11111 wo v. 11 ,1111
1111111111 ,13 ,13 ,33 ,111111513111111111511131 :ww ,1111 ,,111 ,13 ,15 ,15 ,13 ,131 fs* 13
’151151 11111 115 ,15 ,15 ,11 ,1 13 ,m 111311 13513 151· wo v. 25 ,13 ,33 ,1111 ,111111115111111113

13 ,1113331111 wo v, 2⁶ 1311 ,111111 11111 1131 1351 ’,51 1111 ε111 111 .1·1,13,311,1313,1·1111 111111 1111
111111 ,11113131111111111111111111511111113,111111111111111131 ,111111,1111111111113
111111 ,13 ,15 ,15 ,1111 mm 1111113111 ,1111 ,111 ,313 ,13 ,13 ,11 ,113 ,111 ,11 ,1131511311111
,11 ,κ’ 12 ,1111111111 ,11111111 ,111 111 ,11 ,13 ,15 ,15 ,13 ,33 ,131 ,111 1111311111311111111
,11111 11111111 1111 111 ,11 ,111 ,15,15 ,33 ,111311111311111111 ,111111111111111 28 ,111 ,111 ,13 ,13 ,113
.13,13,15,11,1111,1111111ζ111113121 ,1111 3151111111 13111111, 5111. 11 ,1311111111111111
,11111 ,13 ,111 ,313 ,13 ,15 ,15 ,11 ,113 ,11 ,111 ,11 ,1 111111111111111 11111 111 11511 15111 111111
,31,15,13,13,13,1,,111,311·51113111 ,11131111 mn 131 ,1511111 mv. 20 ,111 ,111 ,11 ,111
111111 1113 v. 2⁹ ,11 ,13 ,33 ,15 ,15 ,13 ,33 ,11 ,13 ,11 „x” ,1 13111111111113111 ,1111311111
,11111111,31135331111311311115113131 ,111 11 315111 11111 1111111 1113111111 ε115
,15 ,13 ,33 ,11 ,1 13 ,11313 113511113131 ,ww ,11 ,111 ,111 ,313 ,13 ,33 13 ,111111 1111115111( 111 v. ³0
5151 111113 v. 31 ,111 ,13 ,113 ,313 13,111311111”1ν.11 ,1111111 ,11111 ,111 ,13 ,11 ,33 ,15 ,15
1111111111111 11111 ,11111 ,11 ,13 ,11 ,11 ,15 ,13 ,13 ,33 ,11 ,111 ,1 ,w ,1 ,1 ,1

’ ,111113 ,3311 ,11 11 ,1111111111 31 ,1111.111,1»1,11,111,31 ,111 ,m ,33 ,15 ,15 ,11 q

139

 

