111331 133
twfflffiss
· 111Ξέ W& ffl-'TU’Q 1113111. 1111,ῦῖ
11111· 111313 1111111111
ἨΨἫΨἮ
zfflfflmwa
'³{U 1111Ἶῖ 1133, ’,311
wwwmffl
1113 11111 1311
wwfflffi
1311111111 1111111113 am}
mm&
zmww
fflwwwwffi
ssfflfflwffi
11 ,11111 53151131
111311 11131113 33111 111111,
10 1115 ’13111 11 11111313-1111111 1311311 11111113
&ww
113 31133 533 1131111 113511 ,1111 ,1111 ,1111 ,111 ,111 ,111 ,1111 ,3 ,13 ,33 ,113 13 ,13113 1111113 111313
,13 ,131 ,11 ,111 ,11 13 ,1111 1513 1111111, 113 v. ³ ,13111 ,11 ,111 13 ,11131 1153 113511 λ1113 13 311131 1111311

111131 11111 ,1111 ,111 ,111 ,111 ,1111 ,15 ,313,11131131111113111131111313111111 ,111 ,111
11111111111131-ιι ,111 ,33 ,15 ,13 ,11 ,13 ,1 13 ,1311 1111111113 ,1131 ,131 ,11 13 ,1113113111
,13 ,33 ,11 ,3 13 ,1311311531 131111111311 ,1111 ,1111 ,111 ,13 ,13 ,31 ,13 ,111 ,3 ,1 13 ,111 11113
,131 ,13 ,111 ,3 ,113 ,111131311111 1311111115 ,1111 ,111 ,111 ,111 ,13 ,11 ,31 ,33 ,3 ,15 ,15 ,15
,1111,1111,111,1·1 ,11311 ,111 ,33 ,13 ,11 ,3 13 ,1111 153 1131 11111 1131 11111 ,1111 ,1111 ,111 ,13 ,13
1113 ν. ⁶ ,1111,1111111311311 ,111 ,13 ,3 ,15 ,13 ,31 ,11 ,13 ,111 ,3 ,1131311311111111 ,1311
,13 ,11 ,1 13 ,1111111311 m ,111 ,15 13 ,111 111111 111113 11111 ,111 ,11 ,33 ,11 ,11 13 ,11311 111311
wo 11 ,111111,13,1313111131111131133 13111111,3,15,15,11133151111111111 ,13,15
,111 ,1111 ,111 ,111 ,13 ,13 ,131 ,113 ,111 13 ,111 1111311131-11111113 v. 1 ,33 ,11 13 ,11111 15111 1311
,1311 1111 11115 11111, 1111 v· ⁷ ,1111 ,1111 ,311 ,11 ,11 ,1111 ,33 ,15 ,13 ,33 ,11 ,11 13 ,11113 11111111 v. 1
13 ,11113 11111113 1111511151 1313113 13 ,15 ,11 13 ,1113 111 11311511, 15111113 11 ,13 ,33 ,11 ,13 ,1 13
,33 ,15 ,11 ,111 ,1 13 ,133 1113111 113311 ,13 ,33 13 ,13113111111111115111511311331 315 ,13
,13 ,15 ,13 ,11 13 ,13111111111311 ,111 ,13 ,15 ,131 ,11 ,1 13 ,13113 1131 111τ 1111111, 113 11
113111 ,113 ,33 ,15 ,13 ,13 ,11 ,113 13 ,11311 1111311131. ιο ,111 ,111 ,13 ,31 13 ,113 1131111331, 1⁰
,13 ,15 ,11 ,13 ,11313113 1131315111111111. ιο ,1111 ,13 ,31 ,13 ,15 ,13 ,13 ,11 ,1 13 ,1315311

83 6·

 

