ww 111

11111 11111111

11111 11115111
111 1111111111

11111111111111
’1111111111 111111

1111111 ’1111111 1111
1111111111 1111 11111

11111, 11ῐῇ 1511101111
11111111111111

11111 111111
1111111111

111111 11111111
11111111 11111

11111 111111α 111111
1111111111

11111111111111

3111 ,111 11 ,1111 ,1111 111111 111111 wo 1111111111,1111111511111111111111111111)1111111111
1111. 14 ,1111 ,111 ,111 ,11 ,11 11 ,11111 ,11111 1111111111 1111 111 ,11 11 ,1111111 111111· 1111111 1111111
,11111111511111111111111111·11·’11111,1111 1111 ,111 ,15 ,15 ,13 ,11 ,11111 11 ,1111111111 1111111 511,
,15 ,1ιι ,11 ,1 11 ,111111 111111 11111111 ,11 v. 15 ..757 ,111 ,111 11 ,111111 1111151511 11111111 1111111111
,11111 ,15 ,111 111111111111111111111111 11111 ,111 ,11 ,11 11 ,11111111 11],1111111111 1111
1511111 11 ν. 1⁶ ,1111111111 ,11 ,11 ,111 ,11 ,11 ,11 ,11 ,11 ,11 ,11 ,111 ,111 1111111111 1111

,15 ,15 ,11 11111111111111 13⁸ 111 11111111,1111111111 ,111 ,11 ,11 ,11 ,11 ,1 ,1 11111111

,33 ,111 ,11 111111111111511111311111 115 ,11 ,11 11 ,,11-111 1111 151111 111 11111111 3111 ,111 ,11 ,111

1 Ἀ

,111 ,11111111 ,13 ,11 ,11 ,111 ,111 ,111111111111111111111 111111 ‚tw-1 ,111 ,11 ,111 ,13
,15 ,11 ,31 ,11,11 ,111 ,1111 &S 111 111 :10 ,111 ,11,1,,111,1111111111111111111111111. 1⁷
,,11 ,11 ,11 ,111 ,111 ,11 ,15 ,13 ,33 ,11 ,11 ,11111111111111111111111111111111111 ,111 ,311

'l

111 ,11 ,13 ,111 ,11 ,111 11 ,11111 11111 11111 ,111 11151 ,1111115 sun rw ,111 ,11 ,111 ,111 ,11

11 ,111 11111111 1111511115111 11111 ,111 ,13 1111111111111111111111 111111 1111111 ,111111

11,11111111115111511111 ,11 ,11 ,111 111111111111111111111111 1111 ,111 ,15 ,15 ,11 ,1,,1

:k

,11,11 ,11 ,1 11111111111111111, 1111111111 11111 ,1111 111 111111 111111 5111111111 ,11 ,111
;1”1 ,15 ,15 ,11 ,1 11111111111111111111111111111-10 ,111 ,111 ,11 ,111 ,11 ,1 1115111111111111111
11 ,1111111111 11111 1111111 11111 1111 11111 ,11 ,31 ,11 ,11 ,33 11 ,11111 1111111111 111111 111115 11111
,11111 ,11111 11111 11911111111 ,11 ,1 ,15 ,33 ,11 11 ,11111511 11111 1111111111 11111 v. 21 ,11

,111 ,111 ,111 ,11 ,111 ,11 ,11 ,111 ,11 ,111 ,111

61

 

