&bun ’ 97 11-986

111111 111111 11
11111111111111
111111131111111 12
1111111 1315 111111
’1113113
11111111311111111111111131111
11111511 11111 11113ξ 1531111113
1111111111Ε ,1111111111
zwwfflw
’1111111 1113 11111111 11111311
1111111131 111
11111511 11111131 11ἷ1ξ
111311111131111
111111 11111111
1111111111 1111
1111111 511011, 11113ςῖ1

1111111 51111 1111131111 a

1111111111 ,311 ,3111111113 ,111153 1111 ,1111 ,33 ,111 ,15 ,15 ,13 ,13 ,131 ,11 ,13 ,1 13 ,11513 1111111111 v· 11
1111333 1111 ,15 ,353313 ,3113311111 13 1 1² ,15 ,13 ,11 ,1 13 ,113113 1111111113 1 12 113113 31533
3313 1315 1111 v. ³2 ,111 ,,-111 ,111 ,33 13 ,111113 1113311113113 v. 12 ,311 1-1 ,11 13 ,111111 131 31111111

,13 ,13 ,15 ,15 ,15 ,13 ,13 ,33 ,111 ,13 ,1 11 ,11133 1111 1111 331 111131 ,1ο ,311 ,15 ,15 ,13 ,11 ,11 13
,11111 ,1111 ,111 ,13 ,13 ,131 ,113 ,111 ,13 ,113 ,11313 ,11133 1111131 113111τί 113 111 ,131 ,111 1-1 ,1111
,11 ,13 ,111 13 ,11113 1531 33113 ,11111111 113 v. ι ,1111 ,311 ,33 ,33 13 ,111313 11111 ,1131531311 m
1111111111 ,111111111111113 ,13 ,3131311 ,311 1151111111 11 11111 ,13 ,31 ,113 ,33 ,13131313
,11113111 ,111 ,13 ,13 ,111 ,13 ,111 ,1 13 ,11113 11333 1111111 1111111313 11 ,113 ,13 ,33 ,111 ,13 13 ,11113
13111131 11111 ,111 ,31 ,33 ,13 ,31 13 ,135 1311133 131 113 13 ,33 ,15 ,13 ,11 13 ,1111311115 1113 v. 2
,33,111,313131535131333,11,11,1111-1131311531111131111313 ,113 ,111 13 ,135 11111113
11111133 13111311 ,1111 ,11 ,15 ,113 ,·11 ,1 13 ,111133 11111 1311311313 11311311 ,1111111 ,11131 ,111
1111 1111 ,31 ,113 13 ,11133 1151111 11111 1111111111 33131131 1113 ,31 13 ,111113 31311 1311 1153 11111 13111111
13 ,135 1131133 5111111 11131 115 ,11 ,111 11 ,11333 1113 531111ῗ wo 13 ,w 13 ,1113131331 11111111111111Ι
1-1 ,111133 ,111 ,13 13 ,11113 1111111311 ,313 13 ,135 113133 51111111 1111 111111 ,111 ,1·1 ,1111 ,13 ,15
11131 1313 ,11 131111111-51111131113133 133 ,33 ,111 ,11 13 ,111-51 11111131 1311111,1113111111
,11133 315311113113111311131 1111313 1135 11113 311311 .’1311.1·31111111111·’1,13,33,31,111,11,13,111,11111
113 15 ,1111 ,13 ,33 13 ,111133 1111 ,1111151113 15 ,111 ,1111 ,313 ,33 13 ,1111131111 ,111115 1113 11
,111 ,13 ,15 ,33 ,131 ,11 ,11 ,111 ,1 ,11 135 11113 1111113113ι 13 1ο ,13 ,313 ,15 ,15 ,13 ,11 ,11 13 ,11113 51111
,11113 1111 31111111 1131 1311 ,15 ,13 ,111 ,1313 ,135 111133 31113113 113 111111 ,1111 ,111 ,111 ,111 ,11 ,1111

,33 ,313 ,35 13 ,111133 1111111113 11111133 11311 ,1111 ,11 ,31 ,13 ,113 ,13111 13

214

 

