77 777

7QQ
7777 777 7777

33335 777 777 3
777

27773 7777 7557 777 77
7777 777* 333 7777

mww77
wfflfflfflwm

fflwwffl
wfflwffl

&777
277 7:777

Qffiw
777777777 77:777

3773'77 72²7ss

wmmm
33333535 33533

35333 777 275 ,35 ,33 77 1³ 7777 7777 7777 35333 77 3 ³ ,33 33 ,3 77 7777 35333 77 33
,33333 3533 ‚777 7 77 33 ,33 ,35 33 33 1³ 7777 77777 77 v· a 77 7¹7 33 ,35 7* 77 7777 7777
7 ,33 ,3 7 ,35 ,77 ,33 77 7 77 ,33 7 7 ,3 3333 777 7³ 33 ,333 ,3--3 77 77 ,33 ,3 ,33 ,33 7³
’3533333 ,33333333 ’,3333 777 33 3333 33 3333 3333333333 ε’33,·3,33,3,3333333333 ,,33
y7³‚7’77‚7777777'7777777 3333 7:7777777‘7777· 35 ,3,33 :771‘7175773777777777'
,3333333333 33335 3535 3333 77 7³7177777777777·⁵ 77777117777
777 7777 7 7757 7777 77 33 ,33 ,35 33 77771777777777‘77775 ‚7 7 ‘7777777 3333333333
777 353 33333 ¹7 777 ,333 ,77 77 33 35 771777777777777 7 7757 7772 77 277 ,33 ,3 ,3 777
,33 33 7777 7775 77 v. ⁶ ,33 33 ,33 77 7777 7757 7777 3533 7777 7777 77777 7777 33 77 77
,777 7777 777 :77 ,33 35 ,33 77 ,7777 777 777 77 33 ,777 77 77 77 ,33 ,33 ,3 35 33 33
,335 ,35 33 33 ,33 7 ,3333333333533333 -3333 777⁶ 77 ,333 ,33 33 ,35 33 ,33 33 7 77
7 ,333 ,3 77 ,777 7773, 77 v.7 ‚777 777 ,33 ,33 ,35 33 33 ,33 7 ,33 ,,33 ,τ 33 7777 777 77 36
,33 35 33 33 ,33 33 7777 7577 77 33 ‚777 ,33333333 ,33 77 77 ,,33 ,33 ,33 35 33 ,33 33 77
,33 77 33 ,33 33 ,3 33 ,33 ,33 ,33 77 ,33 33 ,3 7 ,3 777 ,3533 7777 7:777 77 33 ,333 77 ,,33
7777 777 77 77 ,33 77 77 ,,33 33 35 35 ,35 ,33 7 77 7777 3533 777 7:777 77 2777 ,33
,33 777 35 ,35 33 ,33 7³ 77 777 7:777 777 277 35 35 ,,33 77 777 7777 777 7777 7777
ἦ ,33 ,33 17'1717777777777777 ³ 77 ,333 35 33 33 ,33 33 77 ,33 33 777 777 77 777 v.s
,333 ,33 3³ 7777 77 7777 777 77 77777 :75 33 ,3 77 77777 33333333 77 7 777 2777
119

 

