9 999
9Φ9, 99 9, 9, 99, ,9, ,9, 99, 9999 ,9,,9 9999 99,. 9., 99 ,9. 9999 9999 999, 99 ,9, 99, 9, 99, 9Γ, 99,
99,, 999999 999999 999 9999 9999, 99 99, 9 ., 99 affim- 99999, ,99 9, 99, 99,, 999999, 9 .,, 99 ,9999999
9999, 99 Γ, ,Γ, 9Γ, 99, 99, 99, 99, 9,,,99 999 999999, 999 9999, 99 9, 99, ,9, 99, ,9Γ, 9,,9, 9.,,99
9Φ9 999 9, ,9, ,9, ,9, 99, 99, ΦΓ, Φ9, Φ9, 9, 99, 9Γ, 9Γ, 9,,9, Γ,9, 9,, 9,,9. 9,,99 99 999999 9999
9999, 99 9Γ, 9., 99 99, 9,,99 ,,9Φ9 99999 99 9, 99, 99, 99, 9, ,9Γ, 9., 99 9999999, 999999 9999 99999
99, ,9Γ, 99, 9,,9, 999, 999 ,99999 999999 ,99999 9999 ,,9, 99 ,9, 9.,9, 9,, 9,,,9 999 9999. 99999 9999 99,
99, 99, Φ9, 99, 99, 9Γ, i 99 9999 99,-99,, 99 99, ΦΓ, Φ9, 999 999 ,9999 99999 9999 ,,9, 99 99, ,9,
99, Γ999 999 999 ,9,...Γ 99999 999Γ, 99 9, 9, ,9, ,9, 99, 99, Φ9, 9, 9,, 99 99999, 9999, 99 ,9, ,9, ,9,
999999 99999, 99 ,,9, ,9, 99, 9, 9., 99 {a 999999 9999, 99 ,9, 99, ,9, 9Γ, 99, ΦΓ, Φ9, 9Γ,
99, Γ,,, 9,,9, 9,,Γ, 9,,9, 9,,99, 9., 99 ,999 9999 99 9 Γ, 999, 99. 9, .,, 99 ff, 999
,9,, ,99, ηπ, η9, Ω, m< 99, ne 99,, {Z 99997, Q ,9, η9, Q aa ΒΓ, ,ἓ Γ,9,
9., 999 99 999 9999 99 ,9, ,9, 99 9Γ, 99, ΦΓ, Φ9 Φ9 ΙΓ 99. 9., 99 9999 9Φ9, 99 9, 9, ,9, 99,
,9, 99, ,9, Φ9, 9,,99 9999999, 99999 99 9, Γ,9,9.,,, ..,9, 9., 99 9999999 9999, 99 ,9, 99, 99, 9Γ,
Φ9, 99, 9Γ, 99, 99. 9., 99 ,9,, 9999 99Φ9 9999, 99 ,9, ,9, 99, ΦΓ, Φ9, 99, 9Γ, ,,,99 999 9,, 9999, 99
9,, 999 99 999 999999 9, ,9, ,9, 99, 99, ΦΓ, 99, 99, 999, 9., 99 9999999, 9999, 99 9, 9, ,9, 99, 99,
9999999999 9, ,9, 99, ,9, 9Γ, ΦΓ, Φ9, 9Γ, 999 99999999, Φ9Γ {a 9, 99,,99,

,9, 99, 9,,9, 9Γ,, 999, 99, 9Γ, 9., 99 9999 999, 99 ,9, ,9, 99, ΦΓ, Φ9, 99, 9Γ, 99, 9., 99 ΦΓ9Γ

,9, 99, 9Γ, 99, ΦΓ, Φ9, Φ9, 9, 99, 999, 9Γ, 9999, 9,,9, 9,,9, 9,, 9,,9, Γ,,9, 9.,,99 9., 99 Φ99Φ,9, 99 9, ,9,

Φ, 9999, 99 99, ,9, 99, 99, ΦΓ, Φ9, 99, 9Γ, 9,,9. ms. 9., 99 999999 9999 9999, 99 9, 9, ,9, ,9,,
9 ,, 99 999, aff 999999 99999, 99 ,9, 9.,9, 9,, 9,,99 9999999, aff ,,9, 9999 9999, 99 9Γ, 9 .,, 99
vffQr. ΨΕἩ nnn„ Kb„
99.999999999Φ9Γ9,99

999999999999999999
99999, Φ,9..Γ9,9,Γ9Γ 9999 RE„

999999 999 99999
99999 999 99,,

ntra, 0 msa mac?
9999999 9999 99999999, flu„

,999999 999999 999Γ aff
9999999 9 9999 9999999 a„

99999999 ,99999 99999

DE& ,999 9999 ff„
99,-,99 99,, 9999

999, , ,99,,9 {fi

99Γ 999, 9 9919 mm

 

