1111511 111

11111111111111

1111 11111111
111111 11111 11111 111111

11111 111111 11111
1111111111 11111

111111111111111111
1111111111 1111· 1111

11111111111111
11111111

11111111111111
1111111 11111 1118 111111.

1111111 1111111
111111 1111· 111111,

111 11111 1 11. 111111
1111111111111111111

1111111111 111111
4 1ἎὲἹῦ 511,ᾎέ 1115111811

111 ,111 ,15 ,1111 ,1111 ,111 111 v· 2⁶ ,11·11 ,1111 1-1 ,11 ,111 ,1111 ,1111 ,111111 11511 111111 115 wo v. 2⁵
,111 ,11 ,11 ,1111111111511111 1111 ,15 ,11 11 ,111111 1111 1111, 11111 115 11 ,5115111151 111111 1111
1111 :ww ,11,15 ,11 ,1111 ,111111 1115 ,111 v· 2⁶ ,1111 ,11 ,1111115111111111111111111111 ,111

,111 ,1111 ,111 ,11 ,15 ,15 ,115 ,11,11 ,11,111 ,1111111111 11111 115111 wo mo ,1ῡ 1111511115
,11 ,1 11 ,wa 111 magn ,1111 2⁷ ,1111 ,111 ,111 ,111 ,11 ,11 ,115 ,11 1111111111 wo v. 2⁷ ,11-11 ,1111 ,111
,11 ,111 1111111 111111 111111 111111 11111111 :ww ,111,15,111111111111111111111111 ,1111511111
111111 111111 11 v. 2⁸ ,11111 ,1-11 ,111 ,111 ,111 ,11 ,11 ,11 ,115 ,111 ,11 ,11 ,11111111-115111111 ,111 1-1
,1111111111111,111,Ἶῦ,Π1,11,11,111,ϋ,15,15,121,11,”13,31 ,Ψ ,1³ '720 ,11 ,11 ,³0 ,11111111
1111 v· 1 ru: ,1111 ,1111 ,111 ,11 ,15 ,111 ,1 1111111111111111 111111 wo 11111 ,1111 ,111 ,1111 ,111
,1111111111 ,11 v.1 ,1111 11 „nnn 11111111111111 311 ,111 ,1111 ,15 ,11 ,11 ,111 ,511111111111111111
1111111 ,11,111 ,111 ,15 ,11 ,11 ,11 ,τ ,111 ,aba 1111 wo m ,11 ,111 ,15 ,11 ,11 ,111 ,11 11
,1111111511 111111 wo v-2 ,1111 ,1111 ,111 ,111 ,1111 ,111 ,11 ,111 ,11 ,11,11 ,111 ,11 11 ,11111511111111
,11,11 ,11 ,11 ,11 11 ,11111 1111111111 1111 ,111 ,111 11 ,mm 1111111112 ,1111111111 ,111 ,111 ,11111
,11 ,111 11 ,111111 11111 1111111111 ,11 ,11 ,11 ,111111111111111111111 ,111 ,111 ,111 ,11 ,15 ,115
,11 ,11 ,11111 ,111111 1111111111 v.4 rm ,111 ,15 ,11 ,111 ,11 ,111 ,11 ,111 ,111111 11111 wo v. ³ ,111 ,111
,111 ,11 ,11 ,11 ,111 ,1 ,11 ,1 ,1 nnn 11111· 32 ,1 ,11 ,11 ,15,111111111111111111111 111
,15 ,11,11 ,11 ,11 ,11 ,1 1115111111111111 11111,1111,1111,1’“11,1·1,111,1’11,1111 ,1111 ,1ῠ ,11 ,11 ,111
111 m ,111 ,15 ,11 ,111 11 ,1111 »11111 11111 111111 ’1 11151111 ,11111 ,1111 ,1111 ,11 ,111 ,111 ,11 ,15
,111 ,11111 ,1111 ,1111 ,111 ,1111 ,111 ,1111 ,111 ,111 ,15 ,15 ,11 ,111 ,11 ,111 ,11,,111 ,111 ,11 ,111 ,11511 1111111

155

 

