33 333
333333 333 333 3
mmmm&
tmfflmmssffl
ffiwa
33
33535 5333
333 3333 3333 333333 ‘f 333
ssmwww
3333 33 3533535 3333
35335 3333333 33353
33333335 333 33333333
nfflffifflwfflffiw
ffwwwffl
twwffi
*fflwwffi
» 3333
⁹ 333
333 -3, 333 333 33 ,33 ,33 ,33 ,33 ,35 ,35 ,33 ,33 ,33 ,33 3 ,3 33 ,333 3333 333 33 33 m
,33 ,33 ,33 ,33 ,3 ,33 ,3 33 ,333 333 33 3333 333 ,33 ,33 33 ,3533 ’3333 33 33 ,33 33 ,33333
,33 ,τ 33 ,33333 333 333333 33 v.³ ,3 33 ,3 333 3533333 33 333 333 333 v. ³ 33 33 ,33 ,33
,35 ,33 ,33 ,33 ,3 ,33 ,3 33 ,3333 333 ny& 33 v.³ ,333 33 ,33 ,33 ,33 ,35 ,35 ,33 ,33 ,33 ,33
’ ,333 ,333 ,33 ,33 ,33 ,33 ,33 ,3 ,3 33 ,333 3333 ’3333 33 m ,333 ,33 ,333 33 ,33 ,,33 ,33 ,33
,33 ,35 ,35 ,33 ,33 ,3 ,3 ,33 33 ,33333 333 33 m 33 ,33 ,33 ,35 ,33 33 ,335 33333 333 33 m
3-3 33 ,33 ,33 ,,33 ,33 ,33 ,35 ,35 ,35 ,33 ,33 ,3 ,33 ,3 ,33 33 ,3333 333 33 33 m ,33 ,33
,3 ,33 33 ,333 333 33 333 35 33 ,33 ,333333 333 33 33 33 33 ,533 33 v. ⁴ ,33 33 ,33-3 ,33
,33 33 ,33 ,33 ,33 ,3 33 ,3333 333 333 33 v.⁵ 33 33 ,333333 33 35 33 ,,33 ,33 ,33 ,33 ,3
,33 53 333 ,33 ,35 ,35 ,35 ,33 ,33 ,τ’ ,3 33 ,3333 33 33 v.⁵ ,333 ,35 ,33 ,3 33 ,3333 333 33 v.⁵
33 v.⁶ ,333 ,35 ,3 33 ,333 333 nvi-‚155 '2 33 33 3333 333333 33 3333 533 335 3333 3353 33 m
35 33 33 ,333 ,333 ,,33 ,33 ,3 33 ,3333 333 33 33 ,33 ,3 ,35 ,33 ,33 ,3 ,33 ,3 33 ,333 333333
33 ,33 ,33 ,33 ,33 ,33 ,33 ,33 ,τ 33 ,335 33333 3333), 33 v.⁷ ,33 ,33 ,33 ,3333 ,333 3533 3333

333 ,33 ,33 33 ,335 33333 33333 33 m ,35 ,33 ,33 ,3 ,33 33 ,33333333 33 3-3 ,333333 ,33
3353333 33 33 ,35 33 ,33333 333 33333 333 333 ,33 33 ,33 ,33 ,33 33 ,335 33333 33333 333

33 ,33 ,,33 ,33 ,33 ,3 33 ,333 3533 3333 3 33 m ,3 ,35 ,35 ,35 ,33 ,3 33 ,3333 3533 3333 333333
,33 ,33 ,35 ,3 33 ,3333 3353 33 me ,333 ,33 ,35 ,33 ,33 ,33 33 ,3333 ¹9: 333 :ww ,333 ,33 33
’ ,33 3333 ,33 ,33 ,35 ,33 ,33 ,33 ,τ 33 ,3333 333 333 33 ν. 0 ,33

141

 

