*³¹27 750
33333333 335 333333
3333
3333 333333 5333
3333 33333
3333333333 3333 33333 T 53
3333333 3333333333
33333 33353 3335533 33333
&mi-5232 wffitss ⁸313
5333 333333
3333 3333 33333
533 3333333 333
333 333 333333
333 *ja-*am
3333333333
6 · 3333 333333 3333.
,333 ,33 ,,33 ,33 ,333 ,33 ,33 ,33 ,333 ,3 ,33 ,33 ,33 ,33 ,33 ,33 ,33 ,3 ,3 333 w: 333 1³ v. 20
333 33333 ,333333 ,33 ,33 ,35 ,33 ,33 ,333 ,333 ,3 3333333333 affluo :wa 33335333 3333 3333
333 ,33 ,35 ,35 ,33 ῑ3 ,3333 35 wo 3 20 w ,33 ,33 ,33 ,35 ,33 ,33 ,33 ῑ3 ,53333 pun 3333
,333 ,333 ,333 fx* ,3 1³ mmm 3 20 ,33 ,κ’ ,3 33 ,3,33 3533 3333 33533, ,3333 3533 333 335 tvm
33 3333 ³³³⁹ 3333 ,33 ,33 ,333 ,33 ,35 ,35 ,33 ,33 ,33 ,33 ,333 ,3 33 ,33333 33133 3333 333 3 21
,33 ,35 ,35 ,33 ,33 ,3 ῑ3 ,3333 3333333 wo 3 21 ,33 ,33 ,33 ,33 ῑ3 ,3333 3333 &mi 333 v. 21
,333 ,3·3 ,35 ,33 J> ,333 33333 33 ,33 ,333 ,33 ,35 ,35 ,35 ,33 ,τ’ 33 ,333 1⁸³ 333 3333 33 ὦ
33333 33 31 ,35 ,33 ,3 3333133331 ..333 ,33 ,33 ,33 ,33 ,33 ,33 33 ,33333 333 tvm 33333 ,333
,33 ,33 ,33 ,3 3³ ,3333 mm wo v.2 ,333 ,33 ,33 ,333 ,3 ,35 ,35 ,33 ,33 ,33 ,τ’ ,33 'w ,3 33 ,353
,353 ’33 333 3333 ,333 ,33 Ῑ3 ,33333 ⁸2] 3331333 333 ,35 ,33 ,33 ,33 ,333 3: ,3333 333 333333 33
,33 ,33 ,33 ,3 3333 3333 33333 pan: κζ 33 33 ,33 ,333 ,33 ,3 ,35 ,33 ,33 ,33 ,33 ,33 ,33 ,3 ,3 33,
,33 ,33 ,333 ,33 ,33 ,35 ,35 ,33 ,33 ,33 ,3 33 ,335 33333 333 wo :ww ,333 ,33 ,333 ,33 ,33 ,33

1³ ,3333 33333333ἷ3331333 335 ,33 ,33 yn ,33333 33, tvm 3333 ,33 ,3 ,33 ,333 33 ,335 33333 ⁸33 333 3333
wo 33 ,33 ,33 33 ,13333 3 333353 prun ’3 ,33 ,33 ,33 ,35 1³ ,35333 333353 wo v·³ ,3333 ,333 ,3

335 ,33 ῑ3 ,33 33333 3335 333 3331333 333 ,33 ,3 33 ,3333 33333 1:³25 ³933 333 333 ,3 ,33 33 ,3333

ιι z

:1¹7 ,33 ,33 ,33 ,333 33 ,3333 3333333 33 33 .n·³7a¹⁸·1,·1¹’w ,33 ,33 ,33 33 ,33333 3133 33353333 tvm

,3333 33133333 333 ,33 ,33 ,3 Ῑ3 ,33333 ⁸2?- 33 33 ,33 ,35 ,33 ,333 ,w ,3 ,3 J: ,33333 ,33333 w
’53333333 333 ,33 ,τ’ M* ,3 Ῑ3 ,33333 3533333 wo v·⁵ n¹=7121nnn³nmfflpffim 333 ,33 ῑ3

,33 ,33 ,33 ,3 3: ,3333 *mn wo v.⁵ ,35 ,35 1³ nm ’Ssznpss 122*an 333 ,33 ,333 ,,33 ,33 ,33 33 ,333333

mm1:¹‡,701}51221N’m17 ,ΜΠ ΝὌῚ 23: ῙΞ nm ffff'ifflfflffl ΠΒ :m ,Ἱῦ ,λ’ ,Τ 33 *Nm 33ζὲξῖ ΝὌ ν. 3
101

 

