ῙῚΨΝἾ ἾΞΒ

11111 511111

1111111111 11111151 111ἧ
1111 1111111111

1111115 11111
111111 1111511

1111111111 11111111
111111 11 1111111,

11111 11111
111 1111 111

11111 1111111111
1111111111, 1 111151 1111111111

1111111111 111111.
1111. 111111 111111

1111111111 111111
11111 ῑ 1111111

1111111151 11111151

,15 ,33,1111111511111111111 1111111111 ,1ο ,15 ,13 ,11 ,111 ,m ,1 1111115111111111111
1151 1115111 11111 11111111 111111, 11 v· 1 ,1111 ,111 ,111 ,311 ,11 ,15 ,111 11 ,1111111 1111151 111111 ,111 ,11
11 1111111511511111111 11111 11111111 1111 111111 ,111 ,1ο ,11 ,15 ,15 ,13 ,13 ,33 ,11 ,11111 ,11 ,11 :nn
1111111111 11111 ,111 ,15 ,111 11 ,11111151111111 151 1111 111111111111111 1111 ,111 ,31 ,111 ,111 ,11
111111111111111111. 1 ,111 ,313 ,13 ,111 ,1 11 ,11111 11511 11111111 111 1111111111 11 ,1111111111111111
1111 m ,111 ,311 ,11 ,11 11 .1111111111111111,·,111 ,111111 1111 1111 ,111 ,15 ,15 ,33 ,111 ,1 1111111111
,1111111111,1111111111 ,11 ,11 ,113 ,15 ,15 ,15 ,11 ,13 ,13 ,11 ,11 ,11 11111111511111111111
,1115111111111115111111 ,1111111 ,13 ,11 ,15 ,15 ,13 ,11 ,111 ,111 ,1 ,Π 111111111111 ,11111 ,11111
,13 ,33 ,11 ,11 ,111 11 ,11111 111111·511111111-1 ,111111,11111113111115,15,15,13,111,11,111,1111
1111 m ,11,111,11111,111111,1;11;·51111111111 1111,1ο,1511,1111111111;51111111111 115 ,13
1111111111 11111311 ,11 ,15 ,11 ,111 ,11 11 ,111111 111111 ,1111 11 11111. 10 ,111 ,15 ,11 ,1 11 ,1111111111
,113 ,313 ,15 ,15 ,13 ,33 ,11 ,111 ,11 ,1 11,11151111111511111111111 ,111 ,13 ,1 1111111111111111111
11111. 12 ,1111 ,111 ,111 ,1ῡ ,313 ,15 ,11 11 ,115 11111111111111111. 12 ,1111 ,111 ,111 ,111 ,111 ,11
..111 ,13 ,111 1111111111111113511111111 1111 :n ,15 ,15 ,13 ,11,11111111111111111151
,13 ,1111 ,111 11 11111 1111111 11111 ,1111111 ,1111 113 ,15 ,15 ,33 ,111 ,11 ,11 ,111 ,1 11111111 ,11111 1111 v. 1³
,1111 1111 1111111111. 1³ ,15 ,15 ,11 11 ,11111 ι W} ,111 111 ,11111 ,1111 ,1111 ,111 ,11 ,111 ,11 ,15 ,11
,15 ,15 ,13 ,11 ,13 ,11 ,11 ,1111111111,1511111111115111111151111111 ,1111111 ,11 ,15 ,13 ,111 11
,11 ,11 ,11 11 ,111 1151 111111 111111 115111 1111111511 1111 111111 ,1111 ,111 ,111 ,111 ,1ῡ ,111 ,11 ,311 ,15
111111 11· 1111511111 ,111 ,111 ,111 11 ,anm 111111 11111 115 1115111 &mg-‘723 11111111 11111 ,111 ,11 ,11,113 ,11

’ ,111 ,11 ,11 ,111 ,111 ,11 ,15 ,11 ,11 ,111 ,11 ,111 ,11 ,1 11 ,111111 11111

79

 

