11511
&ww

¹ sswQ
μ 1111 11111 1111
wffiwwm
&ww
&ww
&ww
wwfflffi
mm&
wwm
mfflwwffi
11111 1111111111
11Ψω1
mfflwfi
wfflfflss
&ww
11111 1 1111111 11,
nwa

,11 ,11 ,11 ,1 1111111111111 1³ ,11,11 ,11 ,15 ,15 ,11 ,111 ,1 11 ,11111 11111 11511 1111111- 12
,11-1111111 Λ1 ,13 ,13 ,11 ,111 11 ,11111111 1111111 ,111 ,15 ,11 11 ,1111111111 111111 ,11 ,11
,111 ,11 ,111 ,11 11111115111111 11111 1111 11 wo v.1³ ,11 ,13 11 ,1111111111 ,11 ,111 11111
,11111 v. 1³ ,111 ,11 ,11 11 ,1111 ’1 111 :rw-1 ,111 ,111 ,11 ,11 ,11 ,111 ,11 ,11 ,15 ,15 ,13 ,11 ,11
111111 111151115111-14 ,11 ,15 ,11 ,111 ,11 1111111111111111. 14 ,111111111111 11 ,11 11
,11 ,11 ,11 m 11 ,1111 1511111 11111 ¹* 1111· 1111111111 11111 1111151111 v. 1⁴ ,11 ,15 ,11 11 ,11111
11111111 ,11111 ,11 ,111 ,11 ,111 ,311,15 ,13 1111111111111111511 1111 ,1111 ,111 ,11 ,111 ,11
1111 1115 ’11 ,111 ,111 ,11 ,111 ,11 ,1 11 ,111 1511111 1111511111 1 ,11111 1111111111 11115 11
,111 1115111 11111 111111 ,13 ,1 1115111111 ,11111 ,11 ,11 ,15 ,15 ,13 ,111 ,1111111111
,1111,11-1111111111 ,11 ,15 ,15 ,13 ,11 ,13 ,31 ,111 ,11 ,111 11 ,1 ,11 11111111111115
1111111111 1111 ,111 ,111 ,11 ,11 ,11-1 ,15 ,13 ,111 ,11 ,111 ,1 ,1 1111 1511 ’11 1111 1111111111 11 v· 1⁶
,111 ,111 ,11,11 ,11 ,11,1111111111111111511111·1111111 115 ,15 ,11 ,111 ,11 1111111111111
,111 111111151111111111111 ,111 ,11-1 ,15 ,11 ,11 ,111 ,111 11 ,1111 1111111111 ,111 ,111
,1111 ,11111 ,15 ,15 ,11 11,11111111111111111111111111 ,11 ,111 ,11 ,15 ,15 ,11 ,11
,11 ,11 ,1 11 ,1511 11511 111111 111 ν. 1⁸ ,111111 ,311 ,15 ,11 ,1 11 ,1111 11111 1117111 111111 wo v· 1⁷
,15 ,111 ,11 ,111 ,1 ,1 11111111111111115111 ,111 ,111 ,11 ,111 ,111 «m ,11 ,15 ,15 ,11 ,11 ,11

,11,311 ,15 ,11 ,1 11 ,1111111111111111111 111 v. ιο ,111 ,111 ,15

72

 

