33 1 „3313ss
33 3 ,3,. ,,
333 33
33 333 33 33 3
„33 „33 33
3333 33. 333„ 33 333 333
3333
„33 33 33
333 333 3
..33 33 3333
„333 33
3333 ,,,33 333
333 33 ,,3,
33 33 ..3333
„33 ‚33
3333 , 33
3 33 33
3333„ 33
3333 333 ,,,
3333 333
3 3 3 33 333 23 ,. 3 ..3 3 3 3 3 ‚3 ,3, 3 3 ,3 3 3, 33 333 33 ,,. 3
3 ,ὦ 3 3 3 ,3 3 33 „333 3 ,. 3 ..3 3 ,3, 3 3 33 33 3⁷, ,ἕ s 3 ‚3 33

,3 3 3 ,Ξ ,3 3 3 3 ,3 3 3 3 ,3, 3 ,3, ,3 3 33 33 33 3 ,, ,3 3
33 ,3 3 ,3 3 3 ,3 3 33 Ξ 333 33 „3 ,3, ,3, 3 33 33 33 ἓ 3 ,. 3

3 3 33 Ξ 333 3 Ξ ‚3 ,,3, 33 3 33 ,3 33 333 33 „33 Ξ 3 3 3 3 3

33 „3 ,3, ,3, 3 33 33 33 ,ἕ 3„ „3 ,3,, 33 3 3 Ξ ,3 3 3 33 3 3 3

3 33332 3„ Ξ ,,3, 33 3 3 3 33 3333. 33 33 ,3 3 3 ..333 33 3„ 33 3
3333 ‚33 ,3,, 33, 3 3333 3 333 ,3,, 3 Ξ ..333 3 33 ,3,
3 3 3 3 ,33 33 3 ω ..3 333 33 3 3 Ξ 333 3 ,. , 33 33 3 3 33 33
33 ἓ 33„ 3 Ξ ..3 3 33 3 3 3 3 3 ,Ξ 333 23 Ξ ..3 ,3,,3 ,33 ,33 3
33 333„ 3 ,. , ,3 ,3,,3 33 33 ,3 3 3 ,ἕ ἒ „33 ,Ξ 3 3 3 ,3, 3 ,3, ,3 3 Β,
3 Ξ 3 ,3,,3 3 33 ,3 3 3 33 3„ „3 ,3,, 3 3 3 ,3, 3 ,3, ,3 3 3 ,Ξ „33
3 ,33 3 3 ,3, 3 33 333 23 23 3 ,Ξ 3 3 33 3 3 3 33 33„ 333
3 3 3 ,3, ,3, ,3 3 3 33 333„ 33, 3 ,ὁ 3 3 ,3, ,3, 3 3 „33 3333 3 Ξ
,3, ,3 3 333„ 3 ,. , Ξ ,Ξ 3 3 3 3 3 3 33 333 3 Ξ 3 3 ..3 3 ,Ξ

3 ,3 ,33 ἕ „3 3 3„ 3 ,ᾧ 3 3 ,3, 3 3

Ξ

 

