999
ρῼῆξὲἓ ,
maner-‚fi Ἠ 99, 999, an„ 99, 99, 99, 9999,9999999999. 9999 mm& 999, 9 9 ,9, Ρ,
na 9,, Q„ 999 9999999 9999 999 Q 9, ,9, ,9 nn 9, 99, f„ 999 99 999 aa, 9 ,9, 9, ,9,
9, 99, {aa-{55 99999 9999999 999 99, 9 ,9, 99, ,,9, 9999999999 99, 999 9
999, 9 9, ,9, 9, ,9, nn„ 9., mn »9, 9,,,,.,,,9,9.,.,.9 ,,9, ,,,99 9999 999 9999 9999 9 ,9,
9 99, 99, me 99, mc 999 999, 9.,99 9999 {- 9 ,9, 99, 9, m< Q. 9,, 99 999 9999 999
,9, 99, 99, mr. Q, 99, 99 99999, 9999999, 9999, 9 {a 9999999, 999 9999 99999,
,9, 9, ,9, H 9, 9., Q* 99, 9,, sne-{252} z 999, 99, 999, 9, 999 999, 99, ,9, 9
{a 9.,,9 fi„ ,99 99999 ,9,,9 9999 999, 9 9, ,9, ,9, 9,, Q„ 9999 99 999 30.- 9 9, 9, 9,
me m< 999, 9, 9,, 99. 9999999. 9,, 99 99999 999 a 99, ,9, ,9, nr„ 9, 99, 99, 9999, 9.,9,
mr* 9, 99, 9., 99,99999999,999999,,9. 9., 99 999. 999, 9 9, 99, ,9, nn. 9,, 9, 9,
999, 9 ,9, 99, 9999999999 99999 99999999.. 9999, 99999, Q 99. 9., 99 Q 99, 9 9, ,9, ,9, 99,
,9 9,, 9 a 99 9, f ,,9, 9, 9, 99, 99, 99 99, 9, 99, 99 ,9,, {a 9., 99999, 999 ,999
999 9999, 9 9, 9, ,9, ,9, 99, m< 9,, 99, 99 9,,9, 9., 9 99999. 9999 999 999 9, 9, 9, ,9, 9,
9,, 9,,9, ,9 999 99 999 5- 9 ,9, 99, 99, 99, 99, ,9 99999 9999 sp„ 99 9999 {a 99999
,,,,, 9,, 99 ,9999 9999 9999 9999, 99 ,9, 999 99, 9., 9,,9, ,9 99 QQ 9 999 999, Q 99, 99, 99
9,, 99 9999 9999, 9 ,9, 99, „a 9., 999, 99, 99, 999999. 9., 999 99999 aa, 9 ,9, 99, 99, 99,
,9999 99 9999 999 99, 9., 99 999, 9999, 9 9, ,9, 99, ,9, ,9, 9, 99, 9,, 99, 99, 99, 99, 9,,9,
9999. 9999, ,999 999 9 9, ,9, ,9, 9, 99, 99, 99, 9., 99 99, 99, ,,9, ,,,,, 9,,9, ,,,9 9,,9, 99,
,999 999, 9 9, ,9, ,9 „a 9., m< 9, 99, a 99, 9,,9, 9, 9999 9999, 99 9, 99, ,9, mn 999
999 9999 999, 9 ,9, 9, 9,, H 999, 999, 99, 99, 9,, ,,9, 9,, 9,,,9 9,,9, 999999 ,,9 9999999999
999, 9999 999, 9,, 999 99 9999, {Q 99. 9999, 999 {Q 9999, 99 99 ,99 999, 999
,9, 99, 9, 99, ,,9, 9,,9, 99 99, 9999999999 9999 999, 999 9999, 9999, Q 9, 99 ,99 999,
9999, 9,,,9 999, 9 9, 9, 99 9, 9, 99, 9, 99, 999 999 ,99999 9,,,9 999 999 999 9999, 9 99,
9., 99 999 999, 9 ,9, m< 9η, 9,. 9., 9 999, 999 999 9999 999 ,999 999, {Q 99999, 99

9 ,999999 9 99999

999999 9 {Q} 999,
ar? naff maffia ,

999, 999999 9 999
999 99999999

9..

,9999 a} 9999,
999 „Q 99999
999 99999 {Q 999,
fi ,9999 99999 9999
,9999999 999,
,999999999999999999999,
ww„ 999 9999, „Q 99999
999, {fin 999999 99999
9999

 

