’11111111 133
ww&
mmm
mffiwffl
Qfflm
*wmw
wffim
ww&
mm&
rwfflffl
mmm

ffiffimffl
ffimffi
fflffiww

QQWJ

ww 2³13?ss *mn-m
&wa

,111113 111111 ,13 ,13 ,131 11 ,1111113313 ‚2⁰¹1 ,11 ,131 ,11 ,κ’ 13 ,1111133 1111111111311151131133
m ’,1111,111,1111111111,111 ,111 ,11 ,15 ,33 ,131 ,w 13 ,1133 11531 1113 111 wo v. 2⁹ ,111 ,111113
,11 ,13 ,11 1113 1153 11111111 111133 1111 11111111 13 v. 2⁹ .111,111,13,113,31.1,15,15,11,11313,113113111
13 ,11133 1111111113 1531111111111113 3311311 ,1111111111 ,111 ,111 ,11 ,31 ,113 ,313 ,15 ,15 ,13
1153111111111111111111131 1113 ,1 13 ,11113313111111111111111 1111111 ,111133 11111 ,111 ,13 ,13 ,131 ,113
,1111 ,111 ,13 ,13 ,13 ,131 ,113 fx* ,13,113 ,13313 113113 11111 ’,1111 wo v. 20 ,11 ,11 ,11 ,11 ,11113 ,1113
113113 111311 1111 1111333 1111 ,113 ,13 ,13 ,1313113131151111313311111111 ,1111311 1111113 v. 30 ,11η
wo v. ³1 ,11111111,1111111111 ,13 ,15 ,111 13 ,111133 1111111 ,1111111 11111131 1111 ,11 ,11 13 ,111113
133131,31111113311111311111 115 ,15,3311 131111111111131 1111 ,131 ,11111131111111111 ,
1111311 11111111 111 1131 1111 ,11 ,111 ,111 ,11 ,15 ,33 ,131 ,11113 ,11311115311111331111111111111113111
,1113 ,113113 311111 wo v. ³2 ,13 ,1513 ,11113 111 1111113 1111113133 133 ,13 ,11 ,113 ,11 13111111
,13 ,113 ,15 ,1513 ,13 ,13 ,33 ,131 ,113 ,111 ,13 ,113111311111131 ,13 ,33 ,15 ,15 ,13
,κ’ ,13 ,1 13 ,111111 11111 1331 111 ,1113 ,11113131 11111 11113133 v. 13 ,11111111,11111111 ,11 ,111
1111131 ,1111 ,113 ,131 ,11 1313111153113311111111133133 ‚rw ,13 ,15 ,15 ,13 ,13 ,13 ,33 ,131 ,113 ’
11113311111111111 1131 13 ,1311 11531 11311 ,11113 1111111 111 1131311111 13313 1113113 1’1111 ,1111111 1111
,11 ,11 ,11 ,111 ,13 ,311 ,15 ,15 ,15 ,13 ,33 ,11 ,11 ,111 ,13 13 ,11111 ,111151 113 131 ,313 13 ,11111
,13 13 ,1111111 1111111 wo v. 11 ,111 ,11 ,111 ,13 ,113 ,11 1311111153111111111111131 11111 ,111 ,111
1111 ,,31 .1313,11111111111111111’1111 1111 ,111 13 ,11111111 1131 1111111 11113133 111 ,15 ,15 ,13 ,33 ,111
,111 ,11 ,111 ,13 ,11 ,113 ,15 ,15 ,15 ,13 ,13 ,33113 ,111 13 ,111111 11131 -511

, 269

 

