1131 ’133

‘ 1331 1111331
111131 1113131 31333

1 111131111131111311111111
11111 31311

113113 3113 311131
311111 1111 111

11111 1313 11113 1111311
1111311113·33113133“1

1311111 1113 11113
,13131 3131131 31113 313 1131 11113113

313·11111113·3111311111131
1113 111111

111111 311 13111
1111 11113 313

111311 113ο 3111111
111311 31131· 131

3113 31111313133133 1131 ,13 ,13 ,11 13,11111311ζ1113333 113111131111111311113111
1333311111133111111313111,,,,,1333133311133313113313131,11,1,1,1133111313311
,1,113131 ,1315 131313333111331333331313333 ,11 ,11111 1,1,111313313
,13,33131313331113131313 31333111 ,13 ,33113113333311133333133113333
,13 ,33 ,13 ,13 ,13 ,31 ,11 13 ,3313 11113131. 1 ,D ,13 ,13 ,13 ,1113 ,11313 311311 313 v. 11 ,111
,33 ,,11313 ,113133313311333311 ,31,13 ,3,13 ,1113131311331331313 311311
331331113311 ,33,11,,,,11111111113 1315,,1131 ,13,,111333313313151333331312
31131313331313133331 11 ,3 ,31,113333333311 1·13333313 ,3133111313
131313311331 111,31111,11,1’1 1133133131133313331133 1,,1111,1111111
1113 3313 3313113131311331 33313131111131331131131133 111113
31133 311131 313 1,1 ,13 ,31 ,1313 ,1133 333 777 313 1,1 ,11 ,11 13 ,3313 31133 3113113 111 331333
,13 ,33 ,15 ,115 ,13 ,13 ,13 ,11 ,13 ,31 13 ,3313 11111313 1,1 ,3111111311 ,13 ,13 ,3113 ,11113 3331
313 113111 ,111 ,111 ,31 ,13 ,13 ,13 ,13 ,11 ,13 ,11,11 ,31 ,3 ,,1 33131111311313111331313131311
13 ,31133 3311311 11133 1,1 ,3313 1311111 111 11111 ,1111 ,111 ,111 ,111 ,13 ,3 ,13 ,13 ,1 13 ,133 33133 131311
13 ,31 ,11 ,31 13 ,111 11313 11111 ,1113113 313 1. 1 ,13 ,3313 ,1133 3311111 131 ε11·11,1111,.111,11,33
13 ,133 1111113 3131 313 13 ,3313 3313 111 113, 31131111 111 :7¹7 ,13 13 11313 1311111 ,11111111 ,111333
,11111 ,13 ,33 ,33 ,13 ,11313 ,131311111333111311 ,311 ,13 ,33 ,13 ,13 ,13 ,13 ,31 ,113 ,1
13 ,31113 1131 ,11113331 113 ,33 ,13 ,13 ,11 13 ,3313 ,111131 313 1,1 ,311 13 ,31-1131111333 1111
mmmw

121

 

