&¹517ss 95 4-96 1

1111111111111111 4
111 wig} 1111111111
1111111111111111
11111 111, 11111
Π11ἒ11 wrm ³⁸2?
11111111111111111
111111· 111111 1
U: 1²<ssss 1111115111Ἴῖὃέ
31111111 11111311 11111
111111 11111 1111111111
1111111111* 111
11111111 1111111111
1111111111 11111
111 1111 ι 11 11111
111111 1111 ,11 1311
11111 11111 111
’,ἓὸ-1 *nssss-ws 11
1111111111 11111111
11111113 ,111111 11111 11
,11 ,11 ,1 ,Π 11 ,1111111 11111111 11111111 wo m ,111 11 m 11 ,1111111111 1111113 111113 1111111 111 m
,1113 1111111111 ,33 ,131 11 ,113111 1111 11111 ,11111111 111131 tw ,11 ,11 ,31 ,13 ,13 ,33 ,3 ,13 ,13
,1111 ,1111 ,111 ,11 ,13 ,13 ,33 ,31 ,13,31111111111111115 ,111 ,13 ,11 ,33 ,15 ,15 ,1111
11111111113111115, 11 ν. ⁶ ,13,13 ,1311 ,111 111 11111111 1111131 111 1111 ‘m 111 ,1111111111 1 ,11131
11111 ,15 11 ,111111 111111 11311 11111111 1111 11111111 :ww ,111 ,111 ,11 ,31 ,33 ,3 ,13 ,33 ,11 ,13 ,11 ,1111
,13 ,33 11 ,1111311111-111111111 ,1111 ,1111 ,311 ,15 ,13 ,13 ,11 ,111 ,1 11 ,11131111 1111111111511111
,11111111 1111131 11111111 ,13 ,13 111111111111111111 1111111 ,111111 1111111111 111111 ,1111 ,1311 ,15
,11111 11111 11111111 m ,1111 ,11 ,11-111131111111 ,11113 1111111, ‚wo v. τ ,313 ,15 11 ,111111 11111

111111111111111111 ,111 ,13 ,33 ,13 111111311111111111 ‚w ,13 ,111 ,13 ,33 ,3 ,13 ,111 ,1 11
,13 ,15 ,15 ,13 ,13 ,111 ,11 ,11 ,111 ,11111111111111 ,1111111111111111111111 13 ,15 ,15 ,13

1111 111 11 ,11111 1111111 1111311111 13313 ,1111111133111111111111 111111111,1111,1·1,111,1111,111
,1 111111 111111 11111 111111111111511 v· 10 ,1111111111111111111 ’11 v. ιο ,13 11 ,1111 11111
11 ,11131 113111111111111 ε1·11,1111.11111,1’1 ,11· ,111 ,11 ,33 ,3 ,15 ,11 ,13 ,33 ,11 ,11 ,111 ,3
111 11111111 113 ,13 ,13 ,111 ,13 11 ,1111111111111111111131111111111111 11111 ,31 ,13 ,13 ,11 ,3
,111 ,111 ,111 ,13 ,3 ,33 ,11 ,11 ,1 1111111 1111131111 v. 11 ,11111 ,1111 11 ,11131 111111 msa 11111111 1111
1111311111 ,111 ,11133111,3,15,1’1,13,11,13,11,11111,11311111111111.11 ,1111
,11111111 ,,11 ,13 ,3311111111 11111 11111 svn v.1 ,11111 11 ’1 11 ,1111111111111111 1111131111 ΠΕ

210

 

