33333 133 26—137 5
3333 33333 7
3333333 333 3333 3,,
33333 33333 33
333 3 33333 55
³³53} ³³35&
333-333 333333
,333333 5577· 77
3333333 333333
v 5575 7775755 55 ’3
333333 3333333333.
33333 3333333 333 33333
‚757= 333-33 33333333 3
3333333333
333333333333 ⁵
γ 2757 333-333
,33 ,3· ,33 ,3 ,3 33 ,33333 3333 3333 33 75 v. ¹1 ,3533 ,33 ,35 ,33 ,33 33 ,3333 333333 33 3,, 3533
,33 ,3’ ,3 33 ,35333 3333 577 333333 333 v.1 ,333 ,33333333 ,333333 ,333 ,33 ,33 ,3 75 ,33 ,33
333 3333333 33 v. 2 ,333 ,75 ,33 ,33 ,33 ,33 ,3· ,3· 33 ,3333 33333333 72 ,333 ,333 ,33 ,33 ,33 ,33
:7777 ,333 ,333 ,333 ,33 ,33 ,,·133 ,33 ,33 4,33 ,,33 ,33 ,33 ,33 ,3· ,3· ,33 ,,“3 3333 333 3333 33333 333
33 ,33333 333 33333333 333 ;3’3 ,333 ,33 ,33 ,33 ,3’ 33 ,3333 333 3333 3333, 333 333 3333333 33
3333 3333 75⁸ 33 v. ³ ,33 ,3 ,3 75 ,33 ,75 ,33 ,33 ,3 ,3 33 ,3333 333 333333 333 :577 ,33 ,33
,33 ,3 ,3 33 ,3333 3333 1 75 77 ,33 ,3·, ,33· ,33 ,33 ,33 ,33 ,33 ,33 ,33 ,33 ,33 ,33 ,33 ,3 ,3 333
,3 ,33 ,33 ,33 ,33 ,33 ,33 ,333 ,33 ,33 ,3 ,33 ,3 ,3 ,3 3333 3333333· 5 ,5 ,333 ,333 ,777 ,33 ,33 ,33
33333 3333333Ι 333 ,333 ,333 ,33 ,33 ,3· 33 ,33333333331 33 3333 ,333 33 33 ,33 ,333333 ,33333333
,33 ,33 5 ,757 333 33 :7¹³7 ,,33 ,33 ,33 ,33 ,33 ,33 ,33 ,3 ,33 75 ,33 ,33 ,33 ,333 ,33 ,3 ,3 ,3
333 ,33 ,33 ,3 33 ’,33333333 33333 3333 7755 33 v.³ ,3333 ,333 ,333 ,33 ,3333 ,33 ,33 ,33 ,3· ,33
,33 ,33 ,33 ,3 ,33 ,35 ,33 ,33 ,3· ,33 77:55777 3333 ³ 33 7757 333 »2³ ,33·33333333333
,3”3,3’33,3’33,3’3,·333 333 33 ,33 33, 75 33· ’,333 ,3333333333 33333 277 ,333 ,33· ,33 ,33 ,33
,,3’33,,333,·333,33,33 ,35 ,33 ,33 ,33·3· 33 ,3333 3333333 :75 ,33 ,33 33 ,3333 3333 7¹5 m
,33 ,33 ,33 ,33 ,33 ,33 ,3 ,75 ,33 ,33 ,33 ,33 ,33 ,τ’ ,33 ,3· ,3· ,3 ,3 577 7577 3333 75 5 3.,
:775 5777 333 33 34 ,57777577577775771751777³75 33333 ‚7577 3333 75' 333 3333333
,·33,3,’,33,3,3,,·33333333·”333 3333333333· ’33333333 333333 v.⁵ 3333333333 57:575755'275
⁴:5³7 ,333 ,333 777 ,3· 33 33333· 3333 777 75777 55577¹ 3333 275· ,33· ,333 ,33 ,33 ,33 ,3 7¹7

333333 3333333333 ,333 ,’33 ,333 ,33 75 33 ,33 ,33 3,’ ,33 ,3·33 3,.3 33333333, 33 5557 ’333

3333333333 333333333333333333 33333”ν.333’33 5 3333 33 33 33 3333 33333333
= ¹ ,33 33 33333 ,33

3304

 

