111111
zwffimw
mmfflss
3113ΐῖ 13111111
11111111 111111ι 1111111111
W} 13111ἓῖ ,13-ἒ
1111111ξέ1 11
wfflffiwffiffiffl
&wwfflwmfflm
1111111 ,111 11111111111111
’ 11111111 1111111,
fflwfflfflffl
mmm&
ww

,13 ,13 ,11 11 ,11111511 1111111111. τ ,1111 111 ,11 ,111 ,33 ,15 ,11 ,11 ,11 11 ,1111 15 111 11
,13 11 ,1511 ,1111 :w ,11 ,111 ,3 11 ,1111 51111111 ,1111 ,111 ,111 ,111 ,11 ,11 ,111 ,13 ,3 ,15
,11 ,11 ,11 ,1 ,1 111 151 11111 ,11511 1111111 1111111 11 v. ⁷ ..11 ¹» ,11111 111 ε111 ,111 ,111 ,11 ,13
,31 ,13 ,11111,1111,11511111111111 111 1111111111 ,1111 ,111 ,13 ,11,311 ,15 ,15 ,15 ,13 ,33
1111 11111 ,111 ,1111 ,13 ,13 ,11 ,111 ,1 11 ,1111 11111111 151 ,115111 11111111 1111 111111 ,11 ,11
,111 ,111 ,13 ,13 ,31 ,11 ,11 ,3 ,1 111111111111111111111111 ,1111111111 ,15 ,13 11 ,1111
wa m ,11 ,11 ,11 ,11,11 ,111 ,1 ,15 ,11 ,11 ,11 ,11 ,11 ,1,11 ,11 ,11111111111111 ,nv-f
,111 ,15 ,13 11,1151111111111’11,111 11111111 ,111 ,13 ,3 ,15 ,15 ,11 ,11 11 ,11111 111111 1111111,
,111 11 ,1111 11111111111111119 ,11 ,33 ,15 ,13 ,13 ,11 ,13 ,1 111111111111111 ,11 ,111
,1 11 ,1111111111111 ,13 ,31 ,11 ,3 ,1 11151111111111 1111111111 ,13 ,11 ,11 ,13 ,11
,11111 ,11 ,11 ,11 ,11 ,1,11111111111111 ,11111 ,,11 ,11 ,11 ,11 ,11 ,11 ,11 ,11
1111111119 ,31 ,33 ,11 ,111 ,11 111111 1111111 111 ,111 ,13 ,15 ,15 ,111 ,11 11 ,111 11111111
,115 ,13 ,1311111111111111 1111 ,111 ,13 ,33 ,3 ,15 ,15 ,33 ,111 ,11,13 ,11 ,11 11 ,11111 1511 ,1111
11 ,1111 1115 111 v. 1 ,11111 ,1111 ,1111 rw ,11 ,13 ,13 ,15 ,11 ,τ 11 ,11111 115111 wo v. 0 ,111 ,11 ,13
,13 ,13 ,13 11 ,11111111111111 1⁰ ,1111111111 ,1111 ,111 ,111 ,111 ,1111 ,33 ,33 ,15 ,15 ,13 ,11 ,13 ,11
111111 1111111 ,111 ,13 ,15 ,11 ,111 11111111151111115ζ11111ιο ,111 ,111 ,11 ,13 ,33 ,3 ,15
1111 1111. 10 ,111 ,111 ,w ,15 11115111111111511111111 1111 ,33 ,15 1111111111 1115151
1111111131. ιο ,13 11 ,111111111111111 113 ,11 11 ,1111 11111, 1111111 1111 ,15 ,13 ,11 111111
’1 ,1111111111 1111,11,11111111133 ,13 ,15 ,15 ,15 ,13 ,33,1111 ,111 ’11 11111 1111111 ,111115 11 ,11
115 11111 11111111 11 ,1111 ,1111 ,111 ,111 ,111 ,111 ,1111515 ,1111 ,1111 1111111 v. ιο ,11111 1111
1111 w 11111111,111,111111111111,11 ,11 ,15 ,15 ,11 ,11 ,11 ,11 ,11 ,11 ,11 ,1 ,τ ,1
,11 ,11 ,11,311111111111151111111 ,111 ,11 ,31 ,15 ,11 11 ,1111 1111 11111 11 113 11 ,1111

,13 ,11 ,11 ,11 11 ,1111 5111 1111- 11 ,1111,1111111111,111,11,,111,111,13,111,3,15,”15,13,13,13
,11111111 ,,11 ,11 ,11,15 ,11

174

 

