wbfln 107 29-38

wwww 3
333333 3333353
fflfflwu 3
wmfflffl
33333 333535 3333 31
mmm&
3335333 3333333333 32
33335333ἶ 33333 3333333
3Μψ3 3
33333335 335 333333
mmm 3
&ww
sswmw 33
Qfflffiffi
0³33] ΠΨ :2⁵53 36
333333 333 3333333
wwwffl 3
3333333 333 333333
735³? ἾέἿἾἾ- Εὲἧέἶῖ ³8
zwffifflfi
3333333 3333333 3333 335 ,33 33 ,333333 33333333 331333 333 ,35 ,33 ,33 ,33 ,3 33 ,333 3333333333 v. ao
= 333 ,35 ,35 ,33 ,333 ,33 ,333 ,3 33 ,333 ,3533 3333 ⁵?- 333 v· ³0 ‚rw-1 333 ,333 ,33 ,33 ,33 ,,33 ,33 ,33
,3333 333·3 wo v. ³1 ,333 ,333 ,333 33 ,33· ,33 ,33 ,3 33 ,33333 3333 wo v. ³⁰ ,35 33 ,31333 3333 ''P- 333
mnam ,333 ,33333333 ,3333 3333 ,33335 wo 3333 ,33 33 ,333 333Χ 333 3333233333 ,3333
33 ,333 ,33333 3333 3333333333, wo v. ³2 ,333 ,33 ,333 ,35 ,35 ,33 ,33 ,33 ,33 ,33 ,3 Ῑ3 ,333 3333335333
3335533 333 v· ³2 ,333 333 ,33 ,333 ,33 ,3 12 ,31333 3533 33333 5333 ,333 v. ³2 ..333 333 ,33 ,35 ,33 ,333
,33,33,33,33,3,35,35,33 ,33 ,33 ,33 ,33 ,3 335 3333 333 33 v. 33 ,33 ,35333333 33 ,333 3333 33353
333 3333 ,33333333 ,333 ,333 ,33 ,35 ,33 ,33 ,33 ,33 ,κ’ ,3 ,3 Ῑ3 3333 3333 33333 :ww ,vm ,333 ,33
,33 ,33 ,33 ῑ3 ,3333 ,3533 »333 33333 wo 333 ,33 ,33 ,33 ,33 ,33 y: ,3333 33333333 wo v. ³4 ,3 wc 335333
,33 ,33 ,35 ,33 ,33 ,33 ,33 ,33 ,33 ,33 ,333 ,3 ,3533 33333 333 335 12,n21m.7,20·ij 333 ,35,35
,33 ,333 ,33 ,3 ,35 ,35 ,33 ,33 ,3 ,3 1³ ,333 3333 ‚wo 3333 ,333 33 33 33 ,33 ,33 ,33 ,33 ,33

nnn v. 35 ,333 ,33 ,,33 ,33 ,33 ,35 ,33 ,33 ,33 ,τ 33 ,33333 3333 nx? 333 v. 35 ,3333 ,3333 ,3333 ,333
,3333 ,333 ,33 ,33 ,3 ,33 ,33 ,33 ,33 ,33 ,33 ,3 33 ,353 333335 wo v. 3⁵ ,33 ,33 ,33 ,3 ῑ3 ,3333 33ςῇ
,35 ,33 ,33 ,33 ,33 33 ,33333 33], 333 v· ³⁶ ,,33-ι ,3333 ,33 ,35 ,33 ,33 33 ,333 3333 run 333333, 333 v· ³⁶
,333 33333333 v. ³⁸ ,33 ,33 ,33 ,33 ,33 ,35 ,35 ,33 ,33 ,33 Ῑ3 ,33333 ’33 333 v. 33 ,333 ,33 ,33 ,35
,3,,3 33 ,333 ,3333 3333 333333, 3333 333 ,33 33 ,3333333333331333 333 ,3 ,35 ,33 ,33 ,33 ,33· 33
,3333333333 ,3333 ,333 ,333 ,33 ,35 ,35 ,33,3333 ,33 33 ,,33-,3 ,35 wo v· ³8 ,3333 ,333 ,33353333

244

 

