33333 101 3—6
333 3333 333333 33333
333333 333333 333333 3
333 3333333
33 ,33 33
3333
333 35 33ζ
,33333 3ξ333 33333 33333 33333
333 3333 333333
35333 3·ξέ 333
333 3333 3333333 ῑ 33
333 333 333

3333 333
,33 ,33 ,33 Ῑ3 ,3333 33ῃέ 33 v.2 ,3333 ,333 ,33 ,33 ,33 ,33 ,33 ,33 ,τ 3333313 3333 3333 333333 v·2
,33 ,33 ,3 ,35 ,33 ,33 ,33 ,33 1³ ,3133 3533 3333 35 33 v.³ ,333 ,33 ,33 ,33 ,33 ,33 ,33 ,33 ,35 ,35
,33 ,33 ,35 ,33 ,33 ,33 ,33 ³³ ,33333 3335 33 m ,35 ,33 ,3 ,τ ῑ3 ,33.33 1 33335 33 v. ³ ,333 ,333
,33 3 ,3333 3333 53353 333 333 ,33 ,33 ,33 ,33 3 ,33-333333 331353( 33 v. ³ ,333 ,33 ,333 ,33 ,,33
,33-,3,ι 333 3333 ,33 ,,33 ,33 ,33 ,3 ,3 1³ ,3133 3533 3333 ,333 33 33 ,333 ,33 ,33 ,33 ,35 ,33
,3 1³ ,3 333 3353 3333 333 33 ,35 ,33 ,33 33 ,3333 ,333 333 3333 ,33 ,33 ,33 ,33 ,33 33 ,3333
,,33 ,33 ,33 ,33 33 ,33 ,33 ,,33 ,33 ,33 ,3 ,35 ,33 ,33 ,3 ,33 ,33 ,3 ,33 ,3 ,3 33 ,333 333 33 v. ³
33 33 3335 3333 νῇ 1³ va: ,3 3 333 w 333 ,33 ,33 ,35 ,35 ,33 ,33 ,3 ,3 1³ ,333 333 333
,33 ,33 ,33 ,35 ,33 ,33 ,33 ,33 ,33 ,33 ,33 ,3 ,3 3333 3333 33 ῑ33 vn 35 33533 333 33333 333
,33333 ,33 ,33 ,3 ,35 ,35 ,33 ,33 ,33 ,3 33 ,333 33333 3333 ,333 ,333 ,33 ,333 ,333 ,,33 ,33· ,333 ,33
3:- ,3 3353 ’33 ’33353 v.⁵ ,333 ,33 ,33 ,35 ,35 ,33 ,33 ,33 ,33 Ῑ3 ,3333 35 33 v.4 ,333 ,3333
,3 33 ,paup 3333 3333 333353 33 333 ,33 ,35 ’,33 33 3³³ ,3 3333 33 ,33 33 33353 333335 ,3333335
33 ,3333 {W 333 3333 ,33 ,35 ,33 33 ,3333 33353333 :ww ,33 ,33 ,33 ,33 ,33 ,33 ,33 ,33 ,3
,33 ,33 ,33 ,33 ,33 ,3 ,3 p ,333 333 33 v.⁵ ,333 ,333 ,333 ,33 ,33 ,33 ,,33 ,33 ,33 ,3 ,35 ,33 ,33 ,33

*W* 3533 ,3333 ,3,33 33 m ,33 ,3 ,33 ,33 ,33 1³ ,33333 3333 3333 33 v.⁵ ,333 ,33 ,33 ,33 ,3
33333 33 33333 533 333 333 3 v. ⁵ ,33 ,33 1³ ,3333 ,333 331333 :rw-1 ,33 ,333 ,,33 ,33 ,35 1³
,33 ,35 ,35 ,35 ,33 ,33 ,33 13 ,3333 35 33 v.⁵ ,333 ,33 ,333 ,35 ,33 ,33 1³ ,353 3333 ’3 33 33 3333
,533 qm 3533 33333 33 v.⁶ ,333 ,33 ,33 33 ,333 ,33 ,33 ,33 ,3 33 ,pun 1⁸² 1³⁸ 333 v.⁶ ,33
’333 33 v.⁶ ,33 ,33 ,33 ,35 ,33 ,33 ,33 ,33 3 ,3333 333335 33 ν. ⁶ ,333 ,33 ,33 ,33 ,33 ,33 33
33 ,3333 353 ’3 1²³ 33 3333 33333 33 3333 533 333 353 ῑ3 v.⁶ ,33 ,35 ,35 ,33 ,33 1³ ,33,333 mvn

μ .,

v ,33 ,33 ,33 ,33 ,3 ,33 ,35 ,3 ,33 ,33 ,33 ,33 ,3 ,3 3: ,333 333 333 :ww ,333 ,33 ,33 ,35 ,3
,3 33 3533 1¹⁸⁹ 33333333 333 33 33353333 333 pm ,3533333333 33 33333333
,33 ,33 ,3 33 ,33333 3333 'W nffpnz 333 ,35 ,33 ,33 ³³ ,333 3333 3333 33333, 33 v·⁶

218

 

