,99
99,9,9,,9,9,,9. , , ,
999 9999.. 99999999, 99 ,9, 99, ,9, ,9, Η Η 99, 9,, 9, 9, 9, 99, 99, 99, 99999,
9999 999, 9999 9999, 99 9, ,9, 99, „ff 999 ,999999999999999999, 99 ,99999999 9,,9,9.,9,9,,,99
9., 99 9,.99 9999 999999 99999, 99 ,9, ,9, Η Η 9, 99, 99, 99, 99, 99, 99, 9,,9, 9,,9.. 9., 99
p 99 9, 9999 ,99999 9999, 9 9, 9., 9,,9. n. 9,, 999 99 999 9999, 99 99, ,Η 9, 99, 99.
99 9, ,9, ,9, Η 99, 99, mn 9, 9, ,..9, 9,, 9 ,,, ,99 9999 99999 99 Ξ 9999 9,, 999999 ,9999
,99999 9999 99999 9999, a 9, 9, ,9, 99, ,9, 99, 99, 9.,9, 9,, 9,,,9 9,,9, 99, 9 ., 99 99999, 9999 999999
9999 9999, 99 9, ,9, ,9, Η 99, 9,,9, 9,,9. 9, ,, 99 ,999 9999, 99 9, ,9, ,9, ,9 9, ,999
fia 99 9., 9, ,x 9999999999, wa, ,99999999 999 9999999 999, 9,,9, 9,,,9 ,,,,..,,.
999, 999 99, 9999 Z. ,9, Η 9, 9, 99, 99, fl 9, 99, 999, 9,,9, 9999999999 999, 999 99, ,9999
9999, 99 ,9, ,9, ,9, 99, Η 99, 99, 9, Η, 9,,9, 9,,9, s. 9,,,9 9,,9, 999, 999, 9,,9, 9.,,9. , 99 ,,, 99999,
99, ,9 99 99, ,999 999 9, 9, 9, ,9, ,9, 9,, 9 9, 99, 99, a 99, 99, 9,, 9999 99 999, 999
9999 999, 99 99, 9.,,9 9,,,9 999, 9999 99999 {- 99 999 999 9999. 999 9999 a} 9,,,9 Η
a ,9, ,9, Η 9, 9.,,9 9,, 9,,9, 9,,9. 9, ,,, 99 9999 99999, n, 99999 9999 a} 99 9, ,9, Η 99,
9,,,9, 9,,9. 9, ,, 99 aaran 9999, 2 9, 99, ,9, 99, 9,, 9, 9, 999 999 999 „ar-ff 999999 99999,
,., 99 9999, „aff 9999 9.,99, 99 9,. ,9, Η 9,, 99 99 ,999 9999 99999, 99 9, ,9, Η 9, 9η,
99 9, ,9, 99, 9,,9, s„ §affin-{03 Η {ga 999999999999999999999 9,, 999
9,, 99 Ν,9,9,9 99999, 99 ,9, 99, 9,,9, 9,,,9 9 ,9 99 {Q 9999, 99 9, 99, 99, 9.,,,9, 9,,9, ,9 99 9999 99999,

99999999 ,9999

&nm 999999,
,9,99, 999999, 99, 99999
ΕΡ- 9 99959999, ᾖ, κζ
„f
,999999999999999
,999 9999 9999999
999, ,99999
999, 999, 99.
9999 9999 99999
§rumpha „Qn ,
,ΞΠ-ξς ῌῇ [ff
9999999 999999 9999,
,999999 9999 a} , ,

999 99999 9 999 99

 

