131111 133

11111135 31311113
ffwwwwww

1311131 1111113111
Qffimffl

wfflfflw
1111111, 1111111131

1ιῄ31 1113 111 31113113 ῑ 1111, 1111
135 11311115 111

1111153118 ,1131111311
wffifflmffl

³³2? 3133 13311
3353113333ῑὲΧέ

111315 111113 11111131
wwfflw

zwffiwff
12 Qwfflffl

,33 ,11 13 ,1111 ,11113 111111111111131113 ν.1 ,13 13 ,uby 1331 1111 131 ,11 ,11113 ,11111 1111311111 ιι
,111 ,11 ,3313 ,annm 11111111 113 v· ⁷ ,311 1111 1111111 11111 tw 3³ ,11113 1111113 1111111 1551111 1111 1113 ,15
,13 ,31 ,13 ,3 13 ,11111 3111113 wo v. ε ,111 ,111 ,33 ,13 ,13 ,31 ,11 13 ,pon 1113 1111113311 ,1111 ,1111
1131133 ,11111 tvm 133 ,13 ,13 1² ,13113133113111311 ,1111111111,1111111111 ,1111 ,13 ,15 ,13
,1111 ,13 ,111 ,31 a& :1¹7 ,13 ,13 ,131 ,11,11 ,11 ,111 ,11 ,1 1³ ,11111 ,11111 w 111 ,11115 ,1311331
,13 ,13 ,33 ,3 ,15 ,13 ,13 ,33 ,11 ,11 ,11 ,3 ,111113115311111 men 11111111 13 ιε ,1111111 ,11 ,111
11111 ,1131111151 1111 11111 ,11 ,15 13 ,11133135 11311 ,1131111111 wo 111111111111111,11111131
,1131511111 ’1 11111331 ,11111111 ,11113 ,111113 11111 1311 1111111 ,1131111151 11111131 113 1311133135
13 ,11131113 v.s ,11 ,11131 ,111 ,1 13 ,11113 1131 113111 ,1111111111 1131 1111 ,1111 ,13 13 ,31111 1131
,13 ,13 ,33 n& ,13 ,13 ,31 ,11 ,13 ,1 13 ,111113 553 1113 11 ,1111 ,111 ,111 ,111 ,111 ,1111 ,111111 13 318
1111111111 ,33 ,15 ,11 ³³ ,sm ’,11111 11131 1111 ,111 ,111 ,13 ,3 ,15 ,3313 ,1111 *RQ 1113 ιο ,111
113113 ,1111113 311113 *Qu 11131 11111,1111,1’11,111 ,111 ,13 ,13 ,13 ,31 ,111 ,3 ,113 ,131 *pm 11131
,111111 w] 1113 1111 ,111 ,11 ,33 ,13 ,13 ,13 ,31 ,13111111111111111111 ,11113111111111
,11 ,3 ,1 13 ,11111 11531 11111 11111 11131 11111 ,111 ,111 ,111 ,111 ,111 ,13 ,3 ,13 ,15 ,33 ,11 ,11 ,311 12
11131111, ,113 ν. 11 ,1111 ,13 ,33 ,15 ,15 ,13 ,11 ,13 ,11 13 ,113111 ’311 wo 10 ,311 ,111 ,31 ,13 ,15
,33 ,11 13 ,1111311 11111111, ,11111131 115 ,15 ,33 3³ ,111 111311111111133 111 ,1·1,13 ,13 ,11 ,111 1³ ,111113
1111111311 wc ι. ιι ,1111 ,111 ,111 ,111 ,111 ,111 ,13 ,13 ,31 ,13 ,11 ,3 ,1 1311113111151511 1113 v. ιι
13 ,11313 1131111131. n ,1131 ,1111 ,1111 ,13 ,111 ,11 ,31 ,13 ,33 ,3 ,15 ,13 ,13 ,33 ,11 ,11 131113
,15 ,13 ,13 ,131 ,11 ,111 ,11 ,1 11111111111111 ,1111111111113 ,33 ,15 ,111 ,13 ,13 ,11 ,13 ,11

W ,,,Ἱ ,ιιι ,ιι ,1111 ,111 ,113 ,3 ,15
165

 

