v 3111111 119 3-11
1111 111131 13 ³
11113 13311
11111 1111 113
1131 1111
1111111113
211111111
3113111111
1111111113 13111
111 1113 1113
1111131113 11111
1113 11313
113311 1333113

1111113 1117111131
1111111111 ‘

111111 11111
11131133 113313
11113 1131 111 11

111113 313 v. ⁴ ,11 ,11 ,13 ,33 ,11 ,31 ,1 ,1 13 ,1313 ,111113 313 v. 4 ,3 ,11 ,13 ,11 13 ,3333 ,1113 3311
,313 1111133 331 111 ,11 ,13 ,13 ,33 ,11 13 ,111113 111113 3131 :rw ,13 ,11 ,31 ,11 ,13 13 ,3113 1131
,13 313 3111 1 1311111 11111 111111 13 v. 5 ,111 ,311 3-1 ,13 ,111 ,3 ,11 ,11 ,13 ,13 ,13 ,31 ,13 ,31 ,3 13
13131, 3131 113 13 ,1113 1311 111 13111 ,1111 ,3111 ,11 ,111 ,111 ,33 ,33 ,113 ,11 ,1 13 ,11313 1111 313 15
,11 ,33 ,11 13 31133 3131 1111 313 15 ,11131111 ,31 ,3,11 ,11 ,13 ,33 ,31 ,13 ,31 ,3 ,1 13 ,313
,11 ,13 ,13 ,33 ,11 ,13 ,33 ,131 ,11 ,11 ,1 13 ,33331131 13113131 113 ,1 13 ,3333 1111 1131333 113
,11 13 ,1313 3133 31 13 331333 1311 ,11 ,111 ,13 ι,3 ,3113 ,11133 3131 11313 13131 131313 11 ,1131311
1131131313 11311 313 11 ,111131 ,13 ,3 ,11 ,13 ,13 ,31 ,11 ,13 ,1 13 ,3131311131311 ,33
,11131 ,11 ,11 ,13 ,13 13 ,1113 1131133 33 v· ⁷ ,1111 ,1111 ,111 ,111 ,13 ,13 ,13 ,131 ,113 ,31 ,1 13 ,131
,111 ,13 ,11 13 3113311111 331 1111 ,13 ,33 ,11 ,11 ,13 ,11 ,13 ,11 ,31 13 ,1113 11111 31313 ,3111
,13 ,33 ,3 ,11 ,11 ,11 ,13 ,33 ,11 ,1131 1113 313 111311 ,1131 1111111113 v. e ,1111 ,11113111 ,11
·13 331 1111 ,1,31 ,13 ,11 ,3 ,11 13 ,11133 111131 11311313 33 1111 ,311 ,111 ,3131131113
1111111 11133 1131113113131113 1111 111111 ,1111 ,111 ,13 ,131 ,113 ,113 ,11133 1111111 1113 313 11131 1111311
13 ,33133133 3131 1131311131 1111 ,11 ,111 ,3 ,13 ,31 13 ,3133 1131 11111111 1 11311331 ,31113 ,1333
,111131 ,13 ,13 ,31 ,13 ,31 ,1 13 ,1311 113113 11131 11111 313 wo ,33 ,13 13 ,31133 11311111 ’31 ,1111
,31 13 ,11113 1113131. 10 ,111 ,311 ,1111 1111 13 ,111111 13 ,13 ,11 ,13 ,31 ,3 ,1 13 ,111113 313 11 ,1111
31111111 113 ,33 ,11 13311331313311331 1113313111111311133 1111311 ,13 ,13 ,11 ,11

‚vn ,313 ,133 ,11113 ,1113133 3131 1311 ,31 ,1 13 ,1111131133 v. n ,13 13 ,1313
333

 

