1111113 311
1111111111 1111111
sz
11111111 1115 11111
11111111111111 111, 11
ww
ww
ww&
115115 111111-51
&mmm
mmmm
ww*
mm
ffiwfflw
wa
mm
ww

115 1111111 ,1111
&wwffl
11111111
1111ἓῖ1 ’.111811

,35 11 ,111 rm 11111 w 11111111 111 11111111 ,11 ,15 ,33 ,11 11,1111111111’1111111111
1111 ,111 ,15 ,11 11 ,111 ,1111 ,1111511111 1111 v.⁵ ,1111 ,111 ,111 11 ,111 ’111 111111 1111 1111 ,1111 ,11

,31 ,31,15 ,35 ,13 ,31 ,11,11,111,1111111511111ν.5 ,31,11,1111111111111115111111111
,1111 ,111 ,111 ,111 ,1111 ,31,31 ,1 ,15 ,15 ,13 ,13 ,33 ,11 ,11 ,111 ,1 ,1 1151111111111151111 1111
1111 ν. ⁶ ..111 ,111 ,111 ,111 ,13 ,11 ,11 ,11 ,11 ,1 ,1 11 ,1111111111,111511111111115 ,1111 ,1111 ,1111
,11111111 ,31 ,15 ,15 ,13 ,33 ,111 11111111111111 1111111111 ,35 ,13 ,1111 ,1111 11111 1111151
,111 ,31 ,15 ,15 ,13 ,11 ,11 ,11 ,111 ,1 ,1 11,11111’111’1;1’1’11.1 ..311311 ,13 111111511111
,111 ,11 ,11 ,111 ,11 ,11 ,11 ,11 ,11 ,15 ,15 ,11,13 ,33 ,111 ,11 ,11 ,11 ,1 111111111 ..1111111111
>vn v. ιο ,11111 ,1111 ,1 ,35 ,13 ,11 ,11 ,111 ,3 11 ,11111111 11111 ,1111 ,1111 ,111 ,11 ,11 ,1111111 ,1311
1111 1111111511 111 v. ιο ,1111,1111111111,11,111 ,31 ,1 ,13 ,13 ,33 ,11 ,11 ,11 ,1 11 ,1111111111
,13 ,33 ,11 ,11 ,11 ,111 ,1111111111111 1⁰ ,11 ,111 ,31 ,31 ,35 ,33 ,11 ,11 111111115111115
,1111111111 11111 ,111 ,1 ,11 11 ,1111111111111111111111111. 11 .111,111,111,111 ,31 ,31 ,35
,1111 111111 111111 wo v. 11 ,31 ,11 ,11 11 ,1111 111 ,1111 11111111 11111 ,111 ,111 ,11 ,11 ,1 11 ,111 11111
,11 ,35 ,11 ,11 ,111 ,11111151111511111 ,11111111,1111111111 ,13 ,13 ,11 ,111 ,111 ,1 ,1111111
,111 ,111 ,111 ,11 ,31 ,11 ,1,15 ,15 ,33 ,11 ,11 ,1,1111151111111151111 111111111111 ,31

¹.

,31 ,31 ,33 ,11 ,111 ,11 ,111 ,1 11 ,1111111111111- 12 ,111
53

 

