&m lmwae

111-11111111111 ⁵1
1111111111
1111111111111111111 ⁵2

1111111
111111 1111111111 1
1111111111
1111115-111111111 54

11111 1111
fflfflfflfflffi

1111111 1111111

1111111111 1

11111 1111111 ’

11111 1111, 1111 1
111111 11111
11111111 11111 ⁵8
1111111 111

11111111 1
11111111 1111 1111111

wwmmwwwmmmhhssmmwmwwwffiwfflwmm
,11111115 svn v. ει ,1115111111 ,1111 ,111 ,111 ,111 ,111 ,13 ,111 ,11 111111111111111111151111. 11111
,1111111311 ,111 ,15 ,13 ,33 11,1111111111ς1111·1ν.52 ,111 ,13 ,311 ,15 ,15 ,13 ,31 ,11 ,11 11
,13 ,11 ,111 11 ,111111 1111 111ξ111 v. ⁵2 ,111 ,13 ,111 ,13 ,15 ,111 11 ,11111 111 111 11111 v· ⁵2 ,1111111111

1111152 ,13 ,31 ,15 ,15 ,111 ,1 11,111111111111111111111152 ..111 ,13 ,15 ,13

1111111111 11111
1111111 1111]

1115111111 1151111111 11 151 ,1111 ,13 ,15 ,111 ,11 ,1 11 ,1111 11111 111111 ,111151 1111 v. ⁵³ ,15 ,13 11
,11115111111111111 1111111111 ,111 ,13 ,111 ,11 ,31 ,111 Ab ,11 ,15 ,11 ,11 ,1 1111111111 ,11111
pwwwwmwmmwwmwssmmmmwmmwmw
,111111111111111111114 ,1311111115111 131115,13,11111111111111111 114 ,1111111111
⁸⁵0 v. 54 ,11 11111111 1111111111 1111 ι111,15 ,1111 ,1111111 1111111111 11111 ,13 ,311 ,15 ,13 ,13 ,111 11
,15 ,15 ,11 ,111 ,111 111111 11111 ,111 v. 5⁵ ,111111 ,311 ,15,15 ,13 ,33 ,11,11 ,11111111 11111
w ,11 ,11111 ,1111 111 1111 1111111111 1, ⁵⁶ ,1111 ,111 ,11 ,15 ,,13 ,111 ,11 11 ,11111 1111 11111111 ,11 v. ⁵⁵
11511 1111111111 1111 ,13 ,311 ,15 ,13 ,31 ,11 11 ,11111 111111, 111 v⁴ ⁵0 ,111 ,11 ,11 ,111 ,13 ,15 ,13 ,33
11111ιρ111151 ,13 ,11 ,33 ,11,11,1 111111111111151 ,1111 ,111 ,13 ,11 ,15 ,15 ,33 ,11111111
,15 ,13 ,33 ,11 ,1 11111111111111151 ,13 ,15 ,15 111111 11111111 11111 113 ,11 ,11 11 ,111111 1111
111 v. ss ,1111 ,111 ,111 ,13 ,311 ,15 ,15 ,,13 ,11 ,111 ,11 11 ,1111111111 -511 111 v. se ,111 ,111 ,11
,111 11111111111111 v. 50 ..111111 ,1111 ,111111 ,111 ,13 ,13 ,111 m ,111 ,1 11 ,1111111111111111111
111111, 1111 v. ⁵⁹ ,13 ,15 ,15 ,33 ,11 ,111 11 ,11111 1111 ,11111111 suu 111 ,111 ,13 ,15 ,33 ,11 ,111

wssmwmmmmm
272

 

