99 mem

»9, 99, nn. 99, g. 9η, 99, Ε, {a

99, 9, 9,, 99, ,9,, 9., 99. 9,,9, 99,, 9,,9, ,99 ,9999 9999 999, 9 9, 9, 9, ,9, ,9, ,9, ,9, 99, 99,
99, 9,, 99, 99, 9, 99, ,99, ,99, 9,, 9,, 9,, 9,, 9,,9, 99 ,99999 999, 99 9, ,9, ,9, 99, ,9, 99, 9,,
9,, ,9,,9 Ξ, ,9 99 ,9999 9999, 99 ,9, 99, 99, 99, ΦΓ, mh. ,9 99 ,99999 999 9, 9, ,Γ, ,,9, 99, 99,,
99, 99, 99, ,.,, 99 9999 , 9999, 999, 99 9,, 9,, ,9,,9 ,9, 99, 99, 9,, 9, 99, 99, 9, 9,, 9999,
999, 99 999999. 9999 9999, 99 9, 9, ,9, ,9, ,9, 99, 9,Γ, 99, 9,,9, 9,, 999 99 999 9999 99 9, 99,7
99,-9 9999 Γ, ,9,, 99, ,9, nr. 99, 99,, 99, 99, a. 99, 99, 999, 9η, Ε, nr. 99,, 9,,9, 9,,9, ,.,9, ,.,,, 9,,9, 99,,9, 9,,99,
99, 99, 999999 999, 9999, 99 ,9,, mr.. 999 999 999, 9999, 99 ,9, 999, 9,,9, 9,,9. m ,,, 99 ,99999999
99999 999, 99 Γ, 9Γ, 99, 9,, 9,,9, 9,,9, 9999999, 99 9999999, 99 9,9,, 9,,9, ff. ,., 99 999, 99,, 99 ,9, ,,9,
99, ,99, 99, 99, 9,,9, ,9999 999 9999, 99 9, ,9, ,9, 99, 99, 9Γ, 9,,9, 9,,9, Ξ, 9., 99 9999999,
,9,, Γ,9,9,9,Γ.,,Γ,,Γ, 999999. 9999 fi. 9., 99, 99,, 99, ,99, nn. nr. 999, »,9, 99, 99, 99, nn. 99, Ε,
,9, 99, 99, 99, 99, 99,, ,99, ,99, 9,,9, 9,,9, ,., 999 9,, 99 9999 9 99, 99, 99, 99, 9, 99, 99, 99,
,9, ,9, ,,9, 99, 99, 99, ,,,9 9,, 9, 99, 99, 9,, 9,, 9,, 9,,9, 9999, 9999, 99 Γ, 9, 9, ,9, 99,
99 ,999999 9999 9,,..99 99,, 9999, 99 Γ, 9, ,Γ, ,9, 9Γ, 99, 99, 99, 99, 99,, 9,,9, 9,,9, 9,, 99999 9999,
me 999, 9, 99, 99, 99,, 99, 9,,9, 9,, 9,,9, Ξ, 999 9999999999, 99 ,9, 99, 99999 99999, 99 99, 9Γ,
99999999 9, ,99999 99999 9999, 99 99, ,9, 99, 99, 99, 999. 9., 9999999 999, ,,,99 ,9, ,9, 99, 99,
99999, 99 9, ,9, 99, 99, 9,,9, 9,,9, 9,,9, Ξ, 9,,9, 999 9999999 99999 999, 99 99, ,9, 99, 9Γ, 99, 9,,
9,, 99 ..ramma 9999999999. Γ, 9, ,9, ,9, ,9, 99, 99, ,,,9 9, 99, 99, 99, 99, 999 9,,9, 99 ..mann 99,,9,
99, 9,. ,9 99,,99 9999, 99 9, 9, ,9, ,9, 9Γ, 999, 99, 99, 99, 999 9Γ, 99, 9,9, 9,, 9,,9, 9,.9, Ξ,
9 ,,, 99 9999 9999, 99 ,9, 99, 99, 99, mr. 9, 9Γ, ,,9, 999, 9., 99 a... 9999, 99 ,9, ,9, 99, 999, 99,
99 999, 999 999999. 9999, 9999 9999, 99 9. 9., 99999 9999, 99 9, ,9, ,9, 99, ΦΓ, 99, 99,, 9,,9.
9999, 99 ,9, ,9, 99, 99, 9,,9, Ξ, 999 ..99, 999, 99999 999, 99 99, 99Γ, 99, 9,,9, 99999999. 999, 9999,
, 9 99 999 999 Γ, 9, ,9, ,9, ,9, 99, 99, 99, 9, 99, 99, 9, 99,, 99999, 9,, 9,, 9,,9, 9999. 99,,
99,,,9 99999999 99, 9Γ, 999, ,,,, 99 {ff 9999. 9999, ,, ,9, 99, 9Γ, 99, 9, 99, 99,, 99, 999.
99999, 999, 99999, 99 9, 99, 9,,9, 9,,9, Ξ, , ,, 99, 99 9, ,9, 99, 9,, 9999999, 99999,
,, .,, 99 99999, 9999, 99 Γ, 99, 99, 99, 9,, 99 99999, 99,,,9 99999, 99 99, ,,9, 99, ,99, ,,9, 999

99,, 99999999 999999,
999, 9 999999

99999999 99999, 99,
9999, 99999999

999999, 999999,
9,, 99999 9,,

99999 ,9999 9 999
99,, 999 999999

,9,99 ,,999, , 999, 9999
,99 ,999 99999,

99.9,,9,999Γ,999.99.999,,9
9999, 999, , 999, 9999, 9999,

amr 99999,

 

