333383 333
4 83335338 3335
&ww
³Wffl
‘wwffiww
wffiffiw
ffiffiwm
888

ww
wfflw
&ww
wwwfflw
www
3883883
ww&
33Ξ-8533833338333

,3 33 ,853 33333 83 v.³ ,33 ,3 33 ,333335 83 v.2 ,33 ,33 ,33 ,8 ,3 33 ,3333333 333 333333 83 v.²
3333 3333 33335 3338 83 v.³ ,833 ww ww >w ,33 ,33 ,83 ,3333 ,33 ,333 ,35 ,33 ,33 ,33 ,33 ,83
,33 ,33 ,35 ,35 ,3 ,33 ,33 ,3 ,3 ,3 ,3 zm 853 33333 8333 3333 33 m ,33 ,33 ,33 ,3 33 ,33333
833 8333 ,333 ,33 ,333 33 3333 33833 833 853 3333 333333 83 :ww ww ,3333 ,333 ,33 ,333 ,33 ,33
,33 ,8 ,33 33 ,853 33333333 ww 33353333 ,ww ,33 ,333 ,333 ,33,35 ,33 ,333338 33 ,333 8533 833 853 3333333
,8, ,33 ,3 33 ,333 33333 3333833333, 83 v. ⁴ ww ,333 ,33 33 ,83 ,3333 ,333 ,33 ,33 ,33 ,33 ,33 ,33 ,33 ,33 ,333
ww ,33 ,35 ,33 ,333 33 ,333 33333 3333 3333 83 35 ,ww ,33 ,33 ,33 ,333 ,333 ,333 ,333 ,35 ,35 ,33 ,333
,3 33 ,853 3333 833 333 ,35 ,3533 ,8333 3333 3333 3333, 83 3333 ,8 33 ,ww 3333 333 3333 33333333
83333 ,3333 338533 83 v.⁵ ‚ww ,ww ,333 ,33 ,33 ,83 ,3333 ,33 ,33 ,35 ,33 ,33 ,33 ,333 ,33 ,333 ,8 ,33

338533 333 :w ,33 ,ι33 ,33 ,35 ,33 33 ,3333 3333 8333 ,3333318533 833 333 ,35 ,35 ,33 ,3 33 ,8333

,333 ww 333 ,33 ,33 ,83 ,333 ,333 ,33 ,35 ,33 ,333 33 ,3333 ,333 83 ιε ,33 33 ,3333 3333 33333 ww}
833 :ww ‚ww ,ww ,w ,333 ,33 ,33 ,35 ,35 ,33 ,33 ,8 33 ,333 3333 83 vs> ,333333 333 33 ,333 53 3833333
,333 ,333 ,33 ,35 ,33 ,33 ,33 ,333 ,33 ,8 ,3 ,3 33853 3333535333 83 ιο ,33 ,333 ,33 ,3 33 33333 33333
,33 ,33 ,33 ,3 33 ,8333 8333 ,3333 38533 83 ν. ⁶ ,3333 ww ,333 ,ww ,333 ,w ,33 ,33 ,83 ,333 ,33

33 ,3333 8533 33333 3333333 3333 33 83 v. 7 ,833 ,rw ,35 ,33 ,33 ,83 33 ,3333 8333 ,3333 38533 833 333
,333 ,33 ,35 33 ,3333 8533 333 8333 35 33333 83 v. ⁷ ,33 ,33 ,8 33 ,3333 3333 333333 833 335 ,35 ,33
53 m ,385 33533 3333 snm» 353 853 533 333 ,33 ,33 ,333 33 ,33333 353333 833 383 ,33 ,33 ,33
ww 83 ,33 ,33 ,333 ,33 ,35 ,33 ,333 ,33 ,33 ,8 ,33 33 ,333 8533 5353 85 83 ιε ,33335 3333· 33333

,33 ,333 ,35 ,33 ,33 ,333 ,33 33 ,33333 8533 333, 83 m ,33 ,35 35 33 ,3333 85 333333 33333 ,ww
’ ,833 ,833 ,rw ,333 ,33 ,83

65 5

 

