111511 155

11111, 1111 111
11111 1111111

115511 1111111 1111111
11111111111115111

15111515 5111111 111115
11111 11111 111

1111111 111111
111 1111111111 11111111

111111. 1111111151
11111 1111 11111111

111 1111111111
11111111111111

1111111111111111
1111 5111111511 11115151Ξ

1111 11111111

11111 1111 111
1111111111 11111111
1511111 511115

ε 11111 11111111

1111 v· e ,15,55,15,15,15,1115 ,115111 5111111111. ⁷ ,111 ,15 ,55 ,15 ,11,1 15 ,151111151111111
,1 15 ,11511 1111111 1111 v.1 ,15 ,1111 ,1111 ,11 ,15 ,15 ,51 ,15 ,51 ,5 ,1 15 ,11111 1111115 1111111 ,111111
1151 155,1115,1155151115111111115 115 ,15,55,51,11,111151111511511111511 ,51111511
1151 5111111115 v.2 ,1515 ,11111 1111 5111511111 111111,111,111111111111 ,51 ,15 ,15 15 ,111111 511511,
115 1-1 ,11 ,15 ,55 ,15 ,15 ,15 ,15 ,15 ,1 15 ,115115 11511111 1115 v.2 ,1111 ,1111 ,,111 ,15 ,1515111115
,5 ,15 ,15 ,15 ,15 ,15 ,111 ,11 ,15 ,11 ,11,11 ,1 15 ,1111 1111111111 13 ,55 ,11 ,15 ,1 15 ,115115 ,111
,11 ,15 15 ,,111 11551 1111 111111 11151 1111 ,55 ,15 ,15 ,15 ,11 15,115111111·111111’5ν.5 ,111 ,111,15
,15,11,5111151”115.115111115111115111551151151.1 ,1515111111111115-1111111151 11555
,111 ,111 ,,11 ,11,115 ,111 ,11,51 ,15 ,55 ,5 ,15 ,15 ,55 ,11 ,11 ,111 11111 1155 15 v. 4 ,111 ,15 ,15
11111115 1111111 11111 15111111 1111 115 ,15 ,15 ,11 ,5 ,,115 11115 111511 1111 1111111111 1115 111111 ,1111 ,111
11 111155 111111 11111 11131111 ’5 11151551 ,15 ,1 15 11115 11111111 1111111 11111115 111111 ,111 ,15 ,15 ,51
,1111 ,15 ,51,11 15 ,1111 11111 115 1-1 ,511 ,1111 ,,111 ,111 ,111 ,51 ,15 ,15 ,11 ,1 15 ,115115 11111111
,51 ,11 ,11 15 ,11511 1111111151. ⁶ ,111 ,15 ,55 ,15 ,15 ,15 ,15 ,11 ,15 ,11 ,11 11 ,115115 5111111111νά
,1111111111 ,,11 ,15 ,15 ,15 ,11 ,15 ,1 151111115111111111111111 ,111 ,15 ,15 ,55 ,15 ,15
,11 ,15 ,55 ,51 15 ,11115511111111 111111 ’11111111 ,11111 ,1111 ,,111 ,15 ,15 15 ,51511515131511511

,1111 ,1111111111

181

 

