w 12—80 3 55555555 ηῃῃ
55555555551515
uffo-¹³23 551511 15555 51151
1515· 5551 51111 511555
55155 5511 551 11515.
5511555511,
551555
5155555551
'affl-523 151555
15155 5555 551
5155155551 515
555 551515 0555
3555515 5555555 5515
511151 15551 ¹ 55555155

,55 ,15 ,15 ,55 ,11 ,115 ,55 55 ,13555 555 wo v· 11 ,151555 ,555 55555 555 anun ,55 55 ,555 55 v. η
315 ,15 ,1 55 ,555 5551555555 5151. 12 ,55 ,15 ,1 55 ,5555 5555 ,5515515 1555555 51555 ,555 ,55 ,115
55 mm 57555555· 555 v. 12 ,515 55 ,155 335555 :Q 5111 ΠΒ,Ἶ5,53,1“55535115151511115555ᾖ53151
,75 5, 1³ ,735 W„ ψῃ] 515 v. η ,515 ,15 ,115 55 ,55515 555 5555551 555555 355 ,55 ,15 ,55 ,15
,55 ,15 ,55 ,151 55 ,5515 31551 551511] 11111 315 ,11 55 ,555 1555555 55555 1555555 5555 ,555 ,511 ,15
,15 ,15 ,55 ,15 ,15 ,51 ,15 55 ,5555 55555 515 v. 12 ,515 ,15,15 ,15 ,155 55 ,5555 5555 555 “agg 515 v. 12
,15 ,w ,5 ,5 55 ,5555 55 v. 12 ,55555 555 ,555 ,55 ,55 ,55 ,55 55 ,51555 ,5555 55555 w 355 ,515
,515 ,15 ,15 ,55 ,15 ,55 ,151 ,11 5555555555515513 ,515115 ,155555 ,515 ,55 ,15 ,55 ,15 ,ῖ5
,15 ,15 ,15 ,55 ,11 55 ,555 55555 ,5515 555 355 ,15 „x” ,1 55 ,555 55555 5515 ,55 v. 1³ ,555 ,55 ,115
,55 ,55 ,55 ,155 ,55 ,55 ,55 ,55 ,55 ,55 ,55 ,555 ,5 ,15 „v ,τ ,5 555 555 51555 55 55 v. ιε ,55
,555 ,515 ,55 ,11 ,55 ,115 ,55 ,515 ,55 ,51 ,11 55 ,55555 51555 55 515 555 ,555 ,555 ,55 ,55
5155 5115 v. 12 ..555 ,155 ,55 ,55 ,55 ,515 ,55 ,15 ,55 ,55 ,55 ,11 ,11 ,55 ,15 ,155 ,5555 5155 ,515 v. 13
,5511 555555 555 555 5151 5555 ,511 ,11 ,53 ,115 ,15 ,55 ,55 ,55 ,55 ,5 55 ,555 55555 1355 5555 555
355 55 ,555 55555555 3115 ,515 ,15 ,15 ,115 55 ,sn—:m 55555, 51551 ,Ξ ,555 ,151 ,15 ,55 ,155 55
,5515555555 tw ,55 ,55 ,115 'x’ ,15 ,τ 55 551, 55 1-1 ,55 ,15 ,311 55 mm 155555 ,55555
5555515111 ,1555 ,55 ,55 ,511 ,515 ,15 ,55 ,15 ,15 ,55 ,11 ,115 ,51 ,135 ,5 ,155 ,555 5555151 ,515 v. 1
,15 ,515 ,5 ,55 ,55 ,15· ,55 ,51 ,5 ,5 swa 555 55 m ,55 ,55 ,515 ,15 ,55 ,55 ,5 ,515 55 ,sa-m
,15 ,15 ,55 ,15 ,55 ,55 ,15 ,51 ,11 ,1 55 ,51155 ,555 5315 3555 ,515 ,555 ,15 ,55 mv ,55 ,111 ,1155
,115 ,5 55 ,5555 5555 wo v.2 ,555 ,55 ,13 ,15 ,155 55 ,555 5135 55· ,555 v-2 ,5155555555 ,55
,1155553115551 ,151,1315551151151555555551555555 355 ,15 ,55 55 ,155555 1155555 351515 ,11
,55 ,55 ,5555555555555515 ,555 ,55 ,55 ,155 ,15 ,15 ,55 ,55 ,55 ,55 ,5 ,5 sev ,55 ,5 55
,555 ,55 ,551 ,511 ,155 55 ,5515 55555 ’τ 55 55 ww* ww 55 55555 555 555 555 ,55 ,55 ,15
5555555 55555 v.³ ,555 5555 ’5 nm ,5555 555 3515 ,15 55 ,55 'nu ’,5555155 5555 555 ν. ³ ,555 ,1555
,15 ,15 ,115 ,131 55 ,51555 555555 ,5151 355 ,515 55 ,5551551155 555555 1555551 3511 ,15 55 ,555 55555

175

 

