151511 155

1111111115 11111
1111111111

11111 1115
11111 11111

1111111111 55
11111111111111

11151 515
11111 111115

1111111 111111
1111111 11111

11111 115111 11

1111 1111515111
11111 11111111

1111111111 v. 12 ,15 15 ,11551 111515 111 115 ,15 ,15 ,15,551115 ,11111 1551 1111 ’15 111- 11
1115115 v. 12 ,15 ,55,1115,11115111111111111111151 151 ,15 ,15 ,51 ,11 ,5 ,11 15 ,15155 11111111
,11 ,11 15 ,1115 111111 115 113 ,11 ,15 15 ,1111 ,11111ἶ 11115155 111 ,111 ,15 ,55 ,15 ,11 15 ,1111151151
15 ,,11 ,15 ,55 ,15 ,15 ,15 ,15 ,55 ,151 ,11 ,111 15111511511111111 v. 13 ,11 ,15 ,15 ,15 ,11
1111,111,111,1-,,11,11,11,11 ,51 ,15 ,15 ,515 ,11 ,15 ,15 ,15 ,55 ,151 ,11 ,11 ,11 ,1 1551511151
15 ,15155 1111111 1111111, 1111 115 114 ,111 ,11 ,111 ,15 ,15 ,15 ,15 ,11 ,11 ,1 15 ,15-,15 1151 51115
111511111111111111 111555 1115 ,15 ,55 ,11 15 ,1111115 1151 1111111 111 v. 11 ’,111 ,11,5,15,15 ,5 ,1
111 11111 15 ,15155111111151511111111111 115 ,11 15 ,11115
ἾἪἻἾΕ 5ᾟέ
11151 515 11111

,511511 11111 ,15 ,55 ,15 ,15 ,11,11 15 ,15115 511 111 111 ,111 ,111 ,111 ,11 ,11 ,111 ,11115
11511111111115111 ,1111 ,11 ,15 ,55 ,15 ,15 ,15 ,15 ,55 ,11 ,15 ,11 ,11 15 ,111511111111151 1⁵
1511111151, 1⁶ ,111 ,115 ,15 ,15 ,15 ,11,1115 ,1115 11115115 115 v. 16 ,15 ,51 ,15 ,11 ,1 15 ,11515 1115115
111511 11111111, 115 11111 ,11 ,115 ,55 ,5 ,15 ,15 ,55 ,11 ,11115111 155 11111 ,11511 111111
,1155111111 115 155 111511 1111111111 151 11111 ,11· ,111 ,11 ,51 ,15 ,15 ,15 ,15 ,15 ,11 ,,115 ,1155
1151. 1ο ,15 ,15 ,55 ,11 15 ,11111111111111111 ’1111515151 ,11111111 ,1111 ,111 ,,11 ,15 ,51 ,15 ,1 15
,15 ,15 ,15 ,55 ,51 ,11 ,11 ,1 15 ,1511111111 115111 ,55 ,15 ,15 ,51 ,11 ,11 15 ,1111111551 1111515
’,511 ,11 ,1111 ,11 ,111 ,15 ,111 ,5 ,15 ,15 ,15 ,15 ,51 ,11 ,5 ,115 affl wo v. 1⁶ ,15 ,55 ,15
,55 ,51 15 ,11155 1111111 1111511 511 1151 1111,11,15,1515,15115111111 111151511111111 ,111
,11 ,15 15 ,1115 1111111513 51111151 1111 ,1111 ,111 ,11 ,11 15 ,1111111515 1111511511, 1151 1111 ,15
1151 ,11111 111 11111 ,111 ,111 ,111 ,111 ,111 ,15 ,15 ,15 ,55 ,51 ,11 ,1 15 ,1111 ,1111 115 v. 11 ,111111
,15 ,51 ,15 15 ,11111 115 v. 11 ,1111 ,11,11 ,11 ,15 ,15 ,1 15 ,5115 1115 11111 1111 1151 115 15 ,15-,115
mmmfflmhffim

267

 

