*²1 21-72 4 333), 333

3333333 33333 3333353 3333333333

33333333333333 33
3333 3333 333333 3333 &affec

3333333333
333333 333

33333333 3 3333 33333
3333 333333

333333 3333 33333 333333
3333333333 333333 33333

3 ,333333

33 3333 33333 3333
ζ333333 ,333333

3333 333 333
3333333 33333.

333 3333· 3 333 333
3333333 ,333333

33333 ῑ 333333

,33 ,33 ,33 ,33 ,333 ,33 ,3 33 ,3333 333 ,3333333333 3333 233 ,33 ,33 ,33 ,33 33 ,333333 3333333333 333 v- 20
,33 ,33 ,33 33 ,333 333 333333 wo: sp 333333 333 333333 v· 20 ,333 ,333 ,333 ,33 ,33 ,33 ,333 ,33) ,33
33333 3333, suo v. 21 mn ,333 ,33) ,33 ,3333 ,333 333 333333 33333 :nun ,333 ,3333 ,333 ,333 ,33 ,33 ,33
,33 ,33 ,33 ,33 ,33 ,33 ,33 ,333 33 ,3333 ab: 33333 33333 ,33 ,333 ,33 ,33 ,33 ,33 ,33 ,3 33 ,33333
,333 ,33 ,33 ,33 ‚w ,3 33 ,3333 333 333 33333 333 ,33 ,33 ,33 ,33 ,3 33 ,3333 'bg-ng 333 v. 22 ,333
,33 33 ,333 ‘nn 3333 svm :wa 3333 ’3 mx ,33333 333 333333 33333 ’333 3333 333 ,3333333
,33 ,33 ,3 ,3 33 ,3333 3333 33333 33333 tm? ,33 ,33 ,33 ,33 ,333 ,3333 ,333333 33333 3333ξςι 333 v· 22
,333 ,33 ,33 ,33 33 ,333 3333 33333 333333 333 v· 22 ,3333 ,333 ,333 ,333 ,,33 ,333 ,33 ,33 ,33 ,33
333 33 ,33333 3333 ,333333 3333 tm ,33 ,33 ,33 ,33 ,33 ,33 ,33 33 ,33333 33333 ’3 333333 wo v· 23
,333333 33 ,333 ,33 ,3 ,33 ,33 ,333 ,333 'R’ ,3 ,3 33 ,33333 33333 ,333333 33333 3 ww* 3333333 33 33333
,333 ,333 ,33 ,33 ,33 ,33 ,3 33 ,3333 ,333 33333 33 wo v· 2³ ,3333 ,333 ,333 ,33 ,33 ,33 ,33 33 ,333
3333 82⁷ 333333 :57 3333333 &mv-1 0:27 ,33 ,33,33 ,33 ,33 ,33 ,33 ,33 33 ,3333 m 333 v· 2³
,33333 33333 33333 wo v.2 ,33 ,33 ,333 ,333 ,3 33 ,33333 3333 3333333 333 v.1 ,333 ,3333 33 ’3 33 ,333333
33333 333333 wo να ,ww ,333 33 ,3333 333 33333 3333333 v.2 ,333 ,333 ,33 ,33 ,333 ,33 ,33 ,33 ,33 33
33333 ‚wo v·³ 333 ,333 ,333 ,33 ,33 ,33 ,333 ,,33 ,33 ,33 ,3 ,33 ,33 ,33 ,33 ,33 ,333 ,3 33 ,33333
333 ν. 3 ,333 ,333 ,ι33 ,33 ,33 ,33 ,33 ,33 ,3 33 ,333 333 333 wo: m ,33 ,33 ,33 ,33 ,333 ,3333
,333 33 ,333 33333 33333 ,3333 333 ,33 33 ,3333 333333 33333 333333 tw ,3 ,33 ,33 33 ,333 ,33333 3333)
,333 m ,3333 ,333 ,333 ,33 ,333 ,,33 ,33 ,33 ,33 ,333 ,3 33 ,3333 ,333333 33333 ,3333 333 ,33 ,33 ,33
,,33 ,33 ,33 ,33 33 ,3333 ,3333 ,3333 3333 ,333 33 ,33 ,333 ,3 ,33 ,33 ,33 ,33 ,,33 ,3 ,3 33 ,3333 333 333
333

 

