13111 133
waw
Qfflww
&ww
ww&
11113115 1111151111115
twwffl
fflwfflffi
wmww
111111 1113 1 1311, 111115
&ww
wwww
twfflffiw
wwfflm
‘ww
ffifflffl
mwwffl

,11 ,1 1311511111111111113111 ,113 ,311 m ,15 ,15 ,15 ,33 ,131 ,11 ,11 1311111531 111331113111
:ww ww ww ww ww ,111 ,31 ,111 ,113 ,11 ,15 ,13 ,33 ,11 ,11 111111331111111113ν.11 ,ww ,13
1311 ,11 ,1 ,1 131131131111111111531111111111 11111 ,111 ,111 ,11 ,131 ,11 13 ,1111111131131115111111113
,11-1 ,13 ,13 ,111 ,13 ,13,11311511131111113111 ,13 ,13 ,13 13 ,113111 1111111 1113111111 ,11111 11111113
w* ,11 ,1 13 ,11511 111111 wo v. 2⁷ ‚ww ww ,ww ,13 ,31,311 ,13 ,111 13 ,1111 115311151115113 v· 2⁷
,wmmssffimwfflwmmmmmwwwwwwwmmmm
,κ’-1 ,13 ,31,15 ,13 ,13 ,13 ,11 w ,13,11311113111113 wo v.1 ,1111 ,1111111 ww ww ,11 ww
,13 w* 13 1131 1113 111 ww: v.2 ww ww ww ,13 ,111 ,313 ,15 ,15 ,13 ,11,11 ,1 13 ,1311111131 1
ww 13 111111 1151 1113 11111113 zww ,11,111 ,15 ,33 ,1111 w* 1111111 11113 111311 ,1111 ww ww mv
,111 ,11,111 ,111 113113 1111 11311113 m ,13 ,313 ,15 ,13 ,11 ,111 ,111313111111311131 11131
wwmwmffiffiwffimwmmmfflwmwwmwmmwm
ww v.³ ,13 ,33 ,111311 ,113113 1151, 1113 v.³ ,15 ,13,33 ,1113 ,113113 1111111 111, 1111 wo m
3115111113 v. ³ ,111 13111111311311131113111 11111111 11111111 113 ,13 ,13 ,111 ,1 13 ,111113 11111 1111
11111113 1111 ,111 ,111 ,31 ,111 ,13 ,11 ,11 ,1 ,1111311511 1111111111 13 m ,15 ,13 ,11 ,1 11 ,113113
111111111111131 115 ,1113 www 113113 1111111111 11113111 ε1“1,15,33 ,31 ,11113 www 111111 11111
mmmwwwwfflmffiwmmmwfflwfflmmmmffimm
1111111111 11111131 :m ,13 13 ,113111 ,1311 1311 1111 11111131 :ww-1 ,1131 ww ,11 11 ,1111111113311111
ww ,111 ,11 ,13 ,311 ,n ,15 ,13 ,13 ,33 ,111 w* 113311351511311111111113 ,11,13 13 ,1111 13113
,1511113 v· ⁵ ,311 :ww ,,11 ,31 ,13 ,11 ,11 ,1 131131 1151111151 ι 111111, ww 1111111111,1111111111
,11 ,15,131,11,111,.113,1131.1 11531 ww: 111ἶ wo xus ww ww ,1111131115 ,13 ,33 ,11 13111111

wwwmm
91

 

