’1111 133
111513 111311
11111133111111
1111111133 311111
11111111311311111
11111 3113 1111131
113111311311331
1111111 11111 111111
1331313111 31111
1111111113
ww 13111511
3351· 3113113113 ’
wffiwffiffl
11113 13131351
1111 3135111111 ww
1³ 1111111111 ’.133111
113111 33111311
1⁵ 11111 3113 31151

,13 13 ,13313 13 33133 133 ,3 ,11 13 ,11333 111, 11131 11111 ,15 ,31 ,11 ,111 1 ,11133 ,1531 311313 wo v. ⁷
11111311 ,111111 ,13 ,33 ,3 ,15 ,15 ,15 ,13 ,33 ,31 ,11 ,11 ,1 13 3313111113 1113 m ,111111
,1131 ,33 ,13 13 ,11313 111 ,1131 1311311,11131131 ,15 ,15 ,31 ,11 ,11 ,111 133113115313113
,11 ,13 ,111 13 ,11513 313331 113 we ,13 ,111 ,15 ,15 ,13 ,11 ,13 ,13 ,1 13 ,3531 ,1513313133 wo m
13 ,11313 111333 11111 ,1333 11131 1311111 ,15 ,33 ,3 133113 1133311318 ,111 ,13 ,111 ,3 ,15 ,13
13 ,11133 1311333 11131 111 ,15 ,13 ,33 13 ,131 1133311 1113 m ,ww ,1111 ,11 ,13 ,13 ,31 ,13 ,111 ,1
,11 ’1 315311 111 :ow 13 ,13131113 531. 10 :rw ,13 13 ,3113 111 113113 11133 ’3333313313 133 ,11
,13 ,33 ,11 ,113 ,3 ,1 ,1111113 11111313 ,311,1111111113 ,15 ,13 ,33 13 ,3113 3133111131 10
,31 ,11 ,11 ,111 13 ,11111 1153 -531 wo 1111,1“·1,111,1·1 ,111 ,111 ,111 ,11 ,13 ,13 ,3 ,15 15 ,15 ,13
,3 ,15 ,15 ,13 ,13 ,33 ,11 ,13 ,11 ,31 ,1 135 113133 133111 13 v. 11 ,3113111 ,11311 ,13 ,31 ,33 ,13
,11111 ,111 ,111 ,111 ,13 13 ,135 311331111311131 115 ,1 13 ,135 113333 13113 311333 1111 ,13 ,33
11333 ’31111 131 1311111 ,111 ,11 ,31 ,13 ,131 ,11 ,3 13 ,11113 ,1333 11313 11133 31111131 13111311
1131. 12 ,1111311111 ,13 ,13 ,13 ,15 ,13 ,13 ,11 ,13 ,3 ,1 13 ,1153 1313131111351331 ,13 13 ,1313
,3113 ’,1315111353 uo ,,13 ,33 ,15 ,13 ,11 13 ,3113 3111 &w v. 12 ,13 ,33 ,13 ,11 ,1 13 ,3313 35
,131 ’33153353 311333 133 ,15 ,11 13 ,11333 1131513353 11111 13111111 ,13 ,15 ,13 ,31 ,111 ,1 13
,13 ,111 ,3 ,113 ,1311 1133311331131111131. 13 ,15 ,13 ,11 ,1 13 ,11113 3111 wo v. 1³ ,1111 ,15 ,33 13
,113133 113113 ,13113 3111 131 115 ,15 ,1 13 ,11313 113313 ,11111 3111 113 v. 1⁴ ,3111311131 ,13 ,13 ,31
,13 133113111313113 ,1331313131 133 ,13 ,31 ,111 13,131111131113133313311111131 11113
,1 13 ,1331311113115 ,13 ,33 13 ,111 ,1135313131 133 ,11 ,11 ,1 13 ,111133 311353 1113 v. 1⁵

«ῚΞ ,131

105

 

