999
99, 99,, 9,,9, 9,,9, ,,9, ,,,9 999, 9.,,9 99999. 9., 99 99999 99,,9, 99 9, 9, ,9, 99,, 9.,9, 99, 99.
z 99 99999 9,,99,, 99 ,9, 99, 99, 99.. 9,, 99 999999 999, 99 ,9, ,9, 99, 99, 99, 99, »9, 9, 99,
9999999 99999, 99 9, ,9, ,9, 99, 9, 99, 99, 90, 9,,9, 9,,9, 9,,9, ,9, 99999999 999 9999, 9999, ,,9, 999,
99, 99, 99,, 99999999 9,, 9999 9999 9999 999, 99 ,9, ,9, 99, 999 99 9999999 999 999, 99 ,,9.. ,,9, 99999
9999 9999, 99 ,9, 999999, 99, 99, 99,, 9,,9, 9,,90 9999999, 99999, 99 99, 99, 9999 999 9999 9999 9999, 99
,99999 ,9999 ,, 99999 9999. 99999 9999 9999, 999, 9, ,9, 99, ,9, 99, 99, 99, 99, 99, 99, 999 9,,99
999 9999, 99 9, ,9, ,9, 99, 99, 999, 999, 99, ,99, 9,,,9 999. 909,κο 9., 99 9999 9909 999 9999 9,,
9,,9. 9 ,0 99 99999 fi. 9, 9, ,9,, ,9, ,9, 99, 99, 9, 99, 99, 99, 99, 999, 9.,9, 99, 9,,9, 9,,,99 9,9 ,99
,9, ,9, 99, 99, 99, 9, 999, 99, 99 99, ,,,, ,,9, ,,9, 0., 99 999 999, 99 99, 99, 99, ,,9, ,,9, 9,,
99, 9, 9, ,9, ,9, ,9, 99, 99,, 9,, 9, 99, 99, 99, 99, 9, 99, ,,9, ,,9, ,,,99 99,.,99 ,99 999, 99
99,,99 9999, 99 ,9, 999 99 ,,999, 99 9, ,9. 9., 99 ..999 9999, 99 9, ,9, 999, 99. 9., 99 ,9999 99999
,9.9999, 99,, 99 9, ,9. 9., 9,,9 9999 9999, 99 ,9, ,9, 99, 99,, 9,,99 999999 ,999 99,, 9999, 9999 9999999
9, 99,, 99, 9,,9, 9,,9, 99, 9999999 999 9999 9999 9999 9999, 99 99, 99, 99, 99. 9., 99 ,99999 99,
99,9 999 9999, 99 9, 9, 99, 99, 99, ,99, 9.,,9 9,,9. ,,,0 9,9 999 9, 9 9999999999 9999 9999, 99 ,9, 99,,
9,,9, 9,,,99 99 99999, 99 9,,9, 99, 9,,9. 9., 99 9999 9999, 99 ,9, ,9, ,9, 99, 999, 99, 99,, 99, 9.,9, 9.,,9

9999999999 9999 99999, 99 9, 99, ,9, 99, 99, 99, 99, 9.,,99 999 999999 99,, 9999, 99 9, 99, 99,, 99, ..,,,
99, 99, 99, 999 999999 9,,9 999999 9999 999 9999 ,9,9, 99 ,9, 99, 99, 99,, 999, 9, 99, 99, 9,,9, 9,,9, 9.,,90
0,, 99 ,99 9999, 99 ,9, ,9, 99, 9, 99, 9, 99, 99, 9,. 0,, 99 ,9999 999 ,9,, 9, ,9, ,9,, ,9, 99, 99,
99, 9, 99, 9,,,9 9,,9. 9 ,9 99 99999 99 ,9, 99,, ,,99 9999 9,, 99,.,99 9,, 9.,,9 99999, 999 99999 9,9 9
9., 9, 99, 99, 99,, 9999, 9.,9, 9999999,9999999 999 99999 99 a 99999999 99 ,9, ,9,, 99, 99, 99,
9999999999, 999999, 9999, 99 ,9,, 99999, 9.,,9. 0,, 99 9999 9999 99,,9, 99,,9,,9,99,99,99, 99, 999,
0999999999 9, 9, 9, ,9, ,9, 99, ,9, ,9, 99,, 9, 99, 99, 9, 9, 99, 99, 99, 9, 99, 99, ,9,, ,,9,
m ,999ωῇ afflat ,ΗΕ
9999 999999 99999
99999999 9999999
999 99999999
999999 9999 ,99999
,9999 9999 9999
9999 ,9999 {gfff
99,,,9 ,9999 9999 99999
999999999999999
999 9,.999
99999999 99999
{ff-{fl
9 99999
9999999 9999 99999
9 9999999999999,

,9 :E 999 9999

 

