101 7-1025 111133 ’133

⁷ fflwfflssfflffi
vwffi

wffifflffl
vwwmww

wffiwwwffl
WQWQ

wwffim
fflww:

zffifflwfi
33333333

ww&
&mmm

wffiw?
113111 311131 1111111111

ffifflww

11 ,111111 113 ,1111 111113 ,113 ,113111 ,13 ,11 ,1111 ,33 ,3 ,13 ,11 ,11 ,111 ,1 11 ,11111 11311 11111113 1111 v. 1
,31133 ,13 ,13 ,33 ,111 11113111111111111111 133 ,13 ,31 1111111111311111111 1311 ,33 ,33 ,33
,1111 ,1111 ,3111 ,111 ,11-1 ,11 ,13 ,311 ,31133 ,13 ,33 ,3 ,13 ,13 ,33 ,31 ,11 ,11 11 ,111111 1111 1111 1. ⁷ ,13
,1113 1111 11 ,1111 ,111 ,111 ,111 ,13 ,1111 ,311 ,33 ,33 ,3 ,13 ,33 ,113 ,11 11311111311331111111 v. ⁷
,11 ,33 ,33 ,13 ,33 ,11,11 ,111 ,111 ,11111111111111 ,1113 ,113 ,311 ,33 ,33 ,11 ,111 11 ,111111 111113
,1113113113111 ,113 ,311 ,13 ,31 ,33 ,3 ,13 ,33 ,33 ,31 ,11 ,111 111111111131111113113111111 ,333
,13 ,113 ,113 ,31133 ,33 ,13 ,33 ,13 ,11 ,11 11 ,111311 33 111111 ,33 ,11 111111111131111131 11113
111 ,33 ,11 11 ,11-,111311111311111 113 ,13 ,33 ,31 ,111 11 ,113 1111111111 v. 1 ,11111111331111113
11 ,11311 31111, 1111111 3 1113 11311 111111 111111 wo 11 ,11111111 ,11 ,11,13 ,33 ,11 11 ,111111 11111111 11111
,1111111311111113311111111 ,33 11 ,111111 11111, 3111 1111 ,311 ,13 1131131111111 ’11 ,113 ,313 ,13 ,131
wo v.1 ,313 ,1111 ,111311,1111111113111,11111 ,13 ,13 ,33 ,11,11 ,11 ,111 ,11 ,111 11
111111 ,1111 ,111 ,11-1113 ,13113 ,311 ,33 ,113 11 ,11111113111111 ,13 ,33 ,13 ,13 11 ,1111111 ,13111
,33 ,3 ,13 ,13 ,33 ,131 ,11 ,11 ,111 ,1 111111113111113 ,33 ,13 ,33 ,13 ,13 ,31 ,111 ,3 11 ,1111 11111
11111 ,11 ,1--1 ,131 ,13 ,111 11 ,11111 1311 111111 1111111 1311 ,11111 1111 1 ³ ,11113 ,11111113 ,1113 ,13 ,33 ,11
133 ,11 ,1 11 ,111111 1111111 1311 1111 11111111 1313 ,311 ,13 ,13 ,33 ,33 11 ,1113111 11111111 1311 ,3111 1111
11111 11111 ,11111 ,11131311 ,13 ,11 11 ,111111 11111 13111111 1131 133 ,33 1111111111 1311 ,311 11111311
,33 ,31 ,13 ,11 ,1111111111111111111 ,1111 ,111111 ,13 ,13 ,111 ,13 ,111 ,3 ,1 11 ,131111111111113111
,11113 ,1113 ,311 ,33 ,13 ,13 ,31 ,31 11 ,1111111 1111 11113 ,111 ,13 ,111 ,1 11311111111311111111311
11 ,11111 11311 11311113 1111111 11111 1111 1 ⁵ ,113 ,33 ,13 ,3311 ,11311 11111 3113111 111111 ,111 ,1111 ,311
1111 ,1111 1111 111111,13-11111111111111111111131 1111111111,1131311313 ,311 ,3 ,13 ,31 ,11 ,111
,11111111 11111 ’11 11131 1111 133 ,111 ,31 ,33 ,11 11 ,111111 1113111111] 1111 1 s ,13 ,13 ,31111 ,3 ,1 11

‘219

 

