ffim
lffifflwffiss
wwfflffi
ww
ww&
tm&
wmfflw
wfflfflffi
11111 51311 1111, 111513 1 11111111
zwmww
fflwmss
fiij? Πητῇἤ
mwwffiww
ww
ffiwwwffl
wwffi&

QWQQWW
wwwm

,,11 ,11 ,15 ,11 ,11 11 ,1111111111 111111, ,11 v. 1³ ,111 ,11 ,15 ,11 3: ,1111 1111 s ³?- 1111111, 11
,15 ,11 1³ ,11111 111111 151 111111 111 v. 1³ ,1 ,15 ,15 ,11 ,11 ,11 ,1 ,111 ,11111511 ,1111 111 nnn v. 1³>
1³ ,11111111 ’11 151 ’1111111111 1111 ,11 ,111 ,11 ,11 11 ,11111 1111111 ’Q 111111 1111 11111 ,111 ,11
,15 ,15 ,11 ,1111 ,1111 11111 1111 v.1s ,111 ,11 ,11 ,11 ,11 ,15 ,11 ,1111111111111111113 ,11
,15 ,111 11111111 1111 [1 11 ,1111614 ’112111 ²¹1³ 1111111111 ³2³: 111 11111 151 11111113 v. 1⁶ ,11
111111 ,1111111 11 1111 ,1111111 1111 ,111 ,111 ,1111 ,111 ,111 ,111 ,111 ,11 ,11 ,11 ,111 ,11 ,11
,11 ,1 ,11 11 ,11111111111111- 10 ,11 ,11 ,11 ,11 ,1111 ,1111 11131111 111 ,11 ,111 1111111117Ἥ
,15 ,11 11 ,111111 1111111111 v. ιε ,,11 ,11 ,11 1111111111 ,1111 111111 ,111 ,11,11 ,111515
,11111111111-11111111 11111 ,1111111111 ,11 ,11 ,1 11 ms> 11111 1111111111111, 1⁹ ,1111 ,11
,11,11 ,11 ,111 ,11 ,11,1,15,15,11,11,1“,11,1“ 1³ ,1111 1511 1111 2³: ,11 v. ιο ,111 ,11 ,1111 11
,15 ,11 ,11 ,11 ,1111111111111-5ξ1111111, 11 v. 20 ,11 ,11 ,11 ,11 1³ ,111111 111 1111111111
111 ,11 ,11 ,11 1111111111 ι ⁹32³*- 111 11111 ,1111 ,111 ,111 ,1111111 ,11 ,111 ,11 ,11 ,11 ,1
51111 ..111 ,1111 ,1111 11511111111111111 :aff-1 ,11,15 ,15 ,11 ,11 ,11 ,1 11 ,1111 1151511111
,1511 111 ,151 1111111 1111111 ,15 ,11 1111 ,1511 ,1511 111 11 v. 20 ,111 ,111 11 ,111111111ε 11111111 1

T} U

,11 ,11 11 ,11111 1111111 ,151 1111, 1111 111 ,11,111111111511 15ξ 1151111 01¹} 111 11111 ,1111

ΤΙ

,11,1111,1111,115111115111111,11111 111111111151111115911111111 11

1ψψῃψωω1ἦωμμωωω1ω11111
,11 ,1111 ,111 11111 113 754}ss 1111111 111 ,11 ,11 1³ ,11111111 111 113111 111111 115 ,11 ,11 ,κ’
,11 1³ ,1111 1111111 1131111111 111

112

 

