3131111
fflwwff
3133 ,1131 1131131

Qfflww
ww&
fflwwmffl
wwm
&ww
mmmm
mmwww
wwmm
1311311 11113 fige
3131313313· 11313
ww&
13113311 111113 1,
,13 ,13 ,33 ,11 ,13 ,1113 ,31311133111313311131 11111 ,131 ,1111 ,113 ,13 ,131 ,113 ,11113 13131 1131. s
11131111 ,1111111313111113 ,11133 311 11113 ’11311113 331311 13113133131333111311 ,13 ,313
331311 Ἰ’3 ’131333313311-11113 1331 ,111 ,1113313113,3111313111111,11113331333131131111133111
,113131 131133 111 1131 111 ,111 ,13 13311133 111111 ,13 ,313 ,33 ,11 13 ,1133 111 11113 3 31131
,113 ,33 ,13 ,33 ,τ’ 13 ,3113 1131 1113111319 ,13 ,11 13 ,11113 1111 1131333 113 ,15 ,13 ,13 ,13 ,,’1 13
,1111 ,131 13 ,111133 11111111 3113 ,11111113 ν, 10 ,111 ,33 ,11 ,313 ,13 ,13 ,1’ 13 ,11313 313 133 v·⁹ ,³¹¹7
313111111131333 1311 ,13 ,13 ,13 ,33 ,11 ,113 ,11 ,w ,13 ,1 13 ,11113 3113111311 11131 1113113111111
,11 ,11 ,13 ,111 ,11 ,31 ,13 ,113 ,13 ,13 ,11 ,3 ,1,1113313131111311313 ,13 ,13 ,1313111
,11133 113331 1311131133 11113113 1111 113 ,33 ,3113 ,111133 113331 1113 1133 11131 313133 113 :w ,131
,13 ,13 ,11 ,11113 ,1113 11331 11113 1133313133 3131 331113 ,11333 113311 111113 1131 133131 1111 111 13
3-1 ,13 ,33 ,13 ,13 ,13 ,33 ,11 ,13 ,11 13 ,13111 31111 1111 v. 10 ,1111111111 ,111 ,13 ,33 ,13 ,13
13 ,11113 11133 1113 1113113 1131 331,1’1.11,1”1 ,13 ,33 ,131 13 ,11313 11331 1113 31 1113 113111 113 v. 11
,1313,13,13,1331,11111111111111111131 11 ,1313 ,11113 11113 11111113 1131111111 1313 ,11 ,11 ,111
,111 ,13 ,13 ,13 ,13 ,13,33 ,31 ,11 ,13 ,11 ,13 ,3 ,11113113311311311,.11 .1111,111,1·1,,·111,13
,1111 ,111 ,11 ,31 ,113 ,113 ,313 ,13 ,13 ,31 ,11131313313311131113113 11111331 ,131 ,111 ,31 ,13
,31 ,13 ,313 ,13 ,13 ,13 ,13 ,3111 ,11 ,111 ,3 ,1 ,11 11133 11331 ,1113 11111113 ,,13 ,311 ,131 ,11 ,11 ,111
133131 ,111 ,13 ,13 ,13 ,33 ,13 ,11 13 ,11113 11331 1113 111313 113 11131 ,111 ,111 ,11 ,11 „w ,11
,1111 ,13 ,13 ,13 ,31 ,113 ,111 ,1313 ,1311111111 ’1311131331 ,131 ,111 ,13 ,113 13 ,1113311113-,111111113133
13 ,3113 1131 1111313 ν. 1³ ,131 ,11 ,111 ,31 ,1111 ,313 ,13 ,13 ,113 13 ,311113311331113 ,13 v. 13 ‚2⁰7
,13 ,13 ,13 ,13 ,11 ,13,1113 ,1313 11111131. 1³ ,1111 ,111 ,111311 ,11 ,111 ,13 ,13 ,13 ,13 ,11 ,13 ,1
11131133313131313111 ,13 ,313 ,13 ,33 ,13 ,11 ,31 ,3 ,11311113131113113114 ,13 ,313 ,13

11 ,11111 31313 ,13 11111 ,111 ,111 ,113 ,113 ,33 ,13 ,13 ,13 ,13 ,13 ,13 ,33 ,31 ,1 ,13 ,11 ,1 ,,-1 11111
,Γ ,2³³ 13 mm ῗὶζΐέἒ 1113115 ,3111,1131,·1”’“1,1”11,1··1,1”“1,1““1,ΠΜὩ ,ἸΞ ,ΞΣ m sm ,13,’1111113
,1111111131 ,111 ,13 ,33 ,11

182

 

