Ἰ115111
1111111111 11111.
11111 11111111
111111111111111
111111111111111
1111111111 11111511
¹ 111111 111111
*1111111151511
111 11111111 ’ ·
11111151 11111111
1111111111
1111111115111111
1111111111111111
1111111111551111.
11 1111111 ,11115 111111 11
111111 11111
’111111 1111111 ³³
111111 111 11151 11111

,111 ,111 ,111 ,11 ,15 ,11 ,11 ,11111,111115111111111-1111111 ,15 ,15 ,11 ,11 11 ,111111 111111 111 125
,111 ,11 ,11 ,1 ,1 mm 1111111111, ,1111111111111111111111 1111 ,11 ,11111111111111111111111 11111
,1111 ,11111 1111111111 11111111,1111111111 ,1111 ,111 ,111 ,11 ,15 ,15 ,15 ,11 ,11 ,11 ,11 ,111 ,11
11511 1111 111 ,1111 ,1111111111 ,111111 ,1511 ,1111 1115111111 ,1111 ,1111 ,111 ,11 ,11 ,111 ,111 ,11
,111111 111111 ,1111 ,1111111,11111111 ,111 ,111 ,11,11 ,111 ,15 ,11 ,11 ,11 ,111 ,,11 ,111151
.11·1,1’11,1·1,1·1,1·1,111 ,15 ,1111111115511111-11 .11’1,1·1.1·1,1·1,11 ,15 ,15 ,15 ,11 ,11 111111
’11111111 ,111 ,111 ,15151111 ,51111111111111111119 ,111 ,111 ,111 11 ,1111111 11111 511111 -
,111111 ,111 ,111 ,111 ,111 ,11,111 ,111 ,11,15 ,15 ,15 ,11 ,11 ,11,111 ,11 ,111 ,11 ,111 ,11,111111151111111
1111111 1111 1111111 v.³0 ,11111111 ,111 ,1111 ,1111 ,11 ,111 ,11 ,11 ,1 11 ,11111511 111111 111 wo 11111
5511111111 ,111 ,15 ,151111 ,1111 1115111131 ,111 11 ,11111111 ’11111111 111 ,11,111111111
,,111 ,1111115111111131 ,111 ,15 ,111 ,Π 111111111111111115115511 1111 tm ,111 ,11 ,11 11 ,,11-,111
,11 ,15 ,11 ,111 ,11,111 11111111111111111 ,1111111111 ,111 ,111 111111111511111111 1111 ,111 ,11
,11 ,1111111111111111 ,111 ,111 ,1111 ,111 ,11 ,111 ,11 ,111 ,15 ,11 ,11 ,11 11 ,1111111111 ,111 v.³2
.1111.1’11,1111,111,1·1 ,11 ,15 ,11 ,11 ,1 111111111111112 ,1111111,1111111111 ,111 ,111 ,15 ,11 ,11
111111 ,111 ,11,11 ,111 ,111 ,11 ,15,15 ,11,11 ,11 ,111 ,11,11 ,11 ,1,,1 11111111111111;11111111,.,,
1111111 1111 11 ,111111 111111 111 111111 111111 111111 ,1111 ,111 ,11 ,11 ,15 ,11 11 ,111 1111 1111111111 111
,111 ,11 ,1 11 ,1111111111 113 ,1111111 ,1111111 ,111111 111, 1111 1111111111 ,11111 111 1111111111 111,
,1111 111111 111 131 ,1 115 115111 1111 1111 ,1111 ,111 ,1111 ,11-11 ,111 ,11111111 ,11,15 ,11 ,11,11 ,11
,1111 ,111 ,111 ,11 ,11 ,111 ,1111111111111111 ,111 ,15 ,11,1111

144

 

