ffi'ffl 42 10—43 l

111111 11111
1111111111

11151 111 111 1111111
mffiffiwm

’111111111111111111
11111111 11111 1111111

A 11111111111111111111
11111 11111 1115111 111111

' 111111, 111 111111

111 11111 1 1111111111

1111111111

111111111111111111

,11 ,15 ,15 ,11,11 A* A* A 1111115151111 ,111 ,11,11 ,111 ,11 A* ,1 111111 ,11 1111119
,11 ,11 ,1 11 ,1111 1111511 ι 11111 111 v. 10 ,1 1115115111 1111 ,11111 11 11 11 ,11 111 v· ⁹ ,11
,11 ,11 11 ,111 ,1111 1111 1111 ,111111 ,111 ,111 ,1 ,11 A* A* 11 ,11111 1111 5111 A 11111 1111 111
A: ,31 Aa* A* ,111 111111111111111111111111 ,1111111111 ,111 ,11 ,15 ,15 ,11 ,11 A* ,111
111,,11,11,15,11 11 ,1111 1111111 ,111111 11111 ,111 ,111 ,111 ,11 ,111 ,111 ,11 ,11 ,111 ,15 ,15 ,11
115111 1111 ,11 11 ,1111 *A* ,111115111111-,111 11111111 tw ,111 11 ,1111 1111 *A* ,1111111111
,111 ,11· ,111 ,11 ,11 ,11 ,11 ,1 ,15 ,15 ,11 A* ,,111 ,115 11111151 1111. 10 A* 1111111111
1111. 11 .1111,111,111,11,111 ,111 ,111 ,111 ,15 ,15 ,11 ,11 A* ,11 A* A 11,1111111,15,;11111- 1⁰
,1111 1111111111 v211 ,11 ,111 ,111 ,11 ,15 ,11,11 11 ,11111111 1111111 v. 11 ,111111 1111 ,11 1111111
1111111111 11,,11111111,,η ,11 ,1 ,11 ,1 ,11 ,15 ,11 ,11 A* ,11 A* ,1 A*
11111111 111 ,11 ,11 11,5111111111.111111111111111 1111 ,11 ,11 ,11 ,15 ,15 A* 11 ,11111 11111111 1111
11 v· 11 ,111 ,11,111 ,111 ,111 m* 11 ,11111111111111111111 ν, 11 ,111 ,15 11 ,11111 111111 1111 111111
111111 111 1111 ,1111 ,111 ,111 ,111 ,11 ,111 ,11,11 ,11 ,15 ,15 ,11 ,11 ,11,11 ,1 11111 1111111
111 111111 1111 1111 ,11,11,15 ,111111 11 ,11111 1111 151 111111 11111 111 ,1111 ,11111 1111111 151
,111 ,1 1111111111111511 111111111151111 ,11 A* 11 ,1111 1111 111, 11111 1111111 11 11 ,1111111111
,111 ,11 ,11 ,111 ,15 ,15 ,11 ,11 ,111 11,11511511111111111111-1111ν11 ,1111 ,111 ,111 ,11 Ao* ,111
111111 11 1115111111111111 111111111111111 111 A* 11 ,15111111 ι 1111111111 1111111 1111
1111 ,111 ,111 ,11 ,11 ,11 11 ,1111 1111 11111 111 v. 12 ,1 11111 &Ab 111 111 11 ,1111 151 ι 1111111111
1111 1111 ,111 ,111 ,1111111111 *A 11 ,111111 111 v. 12 ,1 1111151115 111 1111111111111111 1111111111
11111111111111,1111111111 ,111 ,111 ,11,15 ,15 ,11 ,11 ,11 ,11 A* ,11 ,1 11 ,1511151111111
1115111111 .11,11,11,1111111111111111111111 Aa 111111 :Aa 1111111 tm ,11111111
,111 ,11 ,11 Ao* ,11 Ae* A 11 ,11111 1111 11111 1111111 v. 1 ,111 ,1111 ,111 ,111 ,11111 11 ’1 11 ,11111
111 ,15 ,111 11 ,1111 111 15 1111111 111 ,11 A* A 11,11111111111ν.1 ,1111 ,111 ,111 ,111 ,111
,111 ,11 ,111 ,11 ,11 ,1 ,11 ,11 ,11 111111111111111 ,111 A* ,111 11111111111111111111

,111 ,1 ,15 A* ,1 11 ,1111 ,11111 ,15111 ,11111111 1 AA 1151151 1111111111 11

86

 

