99
g. ε 99 9999 99,, 9 ,9, 9, 9,, 9, 99, 9,, 9,, 9, 99, 9,, a„ 9,, Ξ.
Z 999 fi„ 99 999.. 99 9, 99 9-99. ζ 99 ,999 999, 9 ,9, 99, 99, 99, s< 99, 99, 99, 9,,
9999, 9 9, 99. 3 99 9,. 99999 9999, a? ,999 999. 9 9, ,9, 99, 99, 99, m< 9, 99, 99, sn.
99, 99, 9, 99, 9., 99,, 9,, {c 9999999 99,, 9 99, 99, sq 99, 99, Ξ {- r} 999-99 Uram„
3 9,, 9,, 99,,, 9 ,, 9, 9, 99, 9,, 9,, 9, 99. 9,. 3 9999 a„ 9, ,, 9, ,9, 9, ,9, ,9, mc
99, 99, 9, 99, 99, sq 9,, ,.,,,, fi Ξ 9,,,9 ,99 mg„ 9999 9999, 999 9 ,9, ,9, 99, 99.
9,,9, 9,,9. Ξ 99 ma 9999, 2 9, 9, 99, 99, mn sq ἡ 99, 99. ἒ 99 {a 999 amq 99 9,
,99999 999 9 ,9 ,99,,99999 999 aa 9999 a, 99,,, 9 9, 9, ,9, fi 99, 99, 9, 9,, 99,,
99, ,,., ,9, 99, 99,, n< ἢ 999, a„ 99, Ε, 99,, sq 99, 9,, Ξ, 9,,99 999 {ff 9999, 2 nn„ 999
9,, ,,,,, 9,,9. , ., 99 999, 99,,, 9 99, 99, st 99, 9,, s„ Ξ 99,,. 9., 9 99999999, fi ,9, a
ff? 9999, 999, 9 ,9, ,9, 99, 99 99, 9999 9-,9 9,. , s 999 99 999 999, 9 99, 99, fi, 99,
9,,9, 99 D} ,99 999, 9 9, 9, m< 9, 99, 9, 99, 99, {- 9,, 9,.. 99,, ..9, {- 9999 9, 999
{f ,99 aa 9,, 9, ,9, 9, ,9, 9,, ,9, 99, 99, 9, 9, f 9, 99, 99, 9, 99, 99, 9., 99,,,
ἒ 99 99,,, 999 9999 9 9,, ,9, ,9, 9, ,9, 99, 99, Q 9, 99, 99, 99, 99,,. Rc. 3 99
99, {- 9,, {- 9,,99 ,99 mmm-wa„ 999, 99,, 99,,, 9 9,,9, {a ,9999 99,,,9 9999, 9 99, 99,,
9,, 9,,9, 9,,99 999999 999 99,,,9 9999, 9 99, 99. m .,, 99 affl 9,.9, 99999999, 9 ,9, 9, 9, 99,
99, 9,, 9., 99,,, Ξ, 9,,9. 9., 99 ,9,,99 99,,,9 9999, 999 99 9, ,9, 9, ,9, 9,, Q 99,, 99, a
,999 999, 9 9,, 9, 9, 99. ,., 99 „ff 99 9 ,9, 9,, 9, ,9, 99, 9, 9,, 9, 9, 99, 9,
9., 99 99, „ff 9999 9999, ,999 999, 99 99, m< 9, 9,, 9., 99, {k ,99 99, „aa

9999 a?
99, 999999 „fif 999,

99999 99999999
9, 999999, a} ffff
,9999 aff„ ,
Η99999 99. 9 ff
999, ,9.99, 9,, ff„
999999 9,.99 99,,,
99999 mma {a
99999 999 „ff-ff
,999 ,99,, ,99,, a
,999 99,,99 ff?
99999
999 ,999 fig„
999999, 999
RE {ff
999999 mg

amr ΕΞ, 999919 ,Ξ

 

