11111 ’1313

fflwmwwffi
1311 1313 31133 1331331

1131. 333 13311, 3313311·
33131135111113315333

11353 3313151 1 33111
1511 33311 5353

113511 3135331133133131
’,11333331 113111331311133

11313 *ny-³2 313535 151313
1135111113 31131

33 1513113 ,3331133 31135

11311 1133 ¹ 3353

1151333 11131311

35313133 -13 331 13 ,15 ,11 13 ,3513 3333 133313 3131 11111 ,33 ,31 1³ ,3333 3333 ι 3311 33 313 m
,131 ,11 ,31 ,113 ,113 ,15 ,13 ,33 ,33 ,11 ,13 ,31 ,11 ,1,.3 353 1111131332 ,311 13 ,115111 1 333 31111
,313 ,313 ,3 ,15 ,35 ,13 ,131 ,111 ,13 13 333 1113313 :ww ,313 ,1133 3113 ,1113 ,113 ,13 ,313 ,311 ,13
m* ,31 3³ „was 11531333 335 wo v. ² ,13 ,33 ,31 ,1 13 ,3333 11133 113311 wo ω ,3113 ,113 ,311
133133 335331 133 13 ,3113 ’33 133 335331 1313 ,111 ,1 133113 11333 133 33511131 1311 ,11 ,113
,111 ,11 ,31 ,13 ,3 ,15 35 ,33 ,31 ,1113,335113333533331311 ,1131331533 w 13 13 ,3333
,1113111 ,31113 ,33 ,33 ,15 ,35 ,13 ,33 ,33 ,11 ,113 ,11 ,1133333113533311 ,313 ,311 ,311
,313 ,15 ,35 ,11 ,11 13 ,3333 3331111113 v. a ,313 ,313 ,35 ,11 333333313351113311 ,3111313
,31 ,11 ,3 1113131 131 ,1333135 ’,31 ’33 3³ m ,3113 3153311111 1313 ,1313 ’3 11 13 ,1113311313 v.³ ,13
,13 331 ,13 ,13 ,13 ,13 w ,33 33 ,31 ,11 ,31 ,13 ,13 ,33 ,3 ,15 ,15 35 ,13 33 ,33 ,11 ,13
15133 1313 ’3 mx 3333 1³⁸⁹ 11331335 131 ,311 ,311 ,13 ,τ 333113,’,111131,3ξ ’33 1113133313 1313313
,33 ,111 ,31 13 ,3313 13753 wo v-³ ,1 13 ,3113 313111 1111113 331 133 ,15 ,11 ,1313 ,3113 11111131, 3131
3333 311133 3313131113 v-³ ,113 ,15 ,11 3313131133 1313 ,1113 ,13 ,13 ,311 ,311 ,13 ,33 ,13 ,13
353 3313313131 133 ,33 1³ ,3513 agiis: ,113 m ,313 ,1113 ,113 ,13 ,13 ,131113 ,111 ,13 ,1 13 ,11313
,113 ,33 ,15 ,35 ,13 ,33 ,33 ,11 ,11 p ,3113 3313515 313 m ,113 ,113 ,33 ,13 ,33 ,111 13 ,333
,3311111113 1311111333 ,13 ,311 ,31 ,13 ,13 ,311 ,3 ,15 ,113 ,31 ,111 ,33131333311133331311313
1³ 335 35133 ι 13313133 1113 v. ⁵ ,3113 ,3111 ,1113 ,35 ,13 ,33 ,131 ,113 ,13 13 ,11113 1131 11333 31133
,13313133 11313 33 ,131 ,113 ,11 1311331333 3131 13131113 ,1113 ,13111 ,313 ,113 ,313 ,35 ,13 ,33 ,111
1311313,3133333133331335 ,3 313 31533 w 11 13351333333131111111313113 331 111113
,313 ,33 ,15 ,13 ,13 ,11 ,31 ,13 ,1 13 ,1533 3533111111 313 1-5 ,311 313 31533 1111 1311 1313311331
13 ,3113 ,3131135 tvm 11333,1133333333113531331 m ,3113 ,313 ,11333113 ,113 ,113 ,13
13113 ,113 ,1’·1 ,13-,ΠΗ ‚w '70 ‚u ,31131333 m ,13 ‚10³ ,ἾῚ ,10 ,ΓΙ 11511 1115133 13 v. 2 ,113 ,32 ,κ’
3131 1111 13 ,31131 ’1513 11χὲ133 331 :ww ,3113 ,1113 ,15 ,15 ,35 ,13 ,33 ,11 ,31 13 ,3113 111133 133
,11 ,111 ,1 13 ,3113313133 wo v.2 ,3113 ,1113 ,113 ,13 ,13 ,131 ,113 ,31 ,13 ,1 p ,11313 3333 311533 11111113
,3113 ,1113 ,113,313133333111313331333 11113 ,111 ,113 ,33 ,33 13133111313113131 115 ,13 ,11 ,113

87

 

