21 11—227 ⁴ 1111111133

11 1311 11111 11111
1111 1111111111

12 1131111 11111
113311-53 affin} 1311111

12 . 1111111111
1111131 111311 1111111

14 - 1111 1131111111
11113111 1111111 11111

111111 1111111 1111111 ο1111111111 1111113
υωψἋἋ

111111· ’311 11111115 11111
QQQQQ

113 113111111111151
1111111311

13111111 111331 31111ς
111131 11111 111

ο11111111.11111
111111 1111011111
ammam
1 &gg-8¹7] 11115111131131,

,11 ,113 ,31 ,1 13 ,111111 11311 11113 ··3 113 v.1³ a: ¹³ wsnn 11111 1111 1111 ,11111 113 1113 ,11111111 wo v. 12
wo ν. 11 ,11 ,11 ,113 ,15 ,13 ,31 ,111 13 ,111111133111313111111111 ,111 ,111 ,13 ,33 ,15 ,13 ,33
,1131315151333,1313113 1131 113113 wsb-'51 115111 1³ v.1 ‚22 ,1111,111111113111111111113113,11111131

:v

,1113 ,111111 11131 mm 111111ῄ 1151113 num 111 ,1533311 13 ,1131 mm 1111311511 1113 111113111111131

...4.

,nans 111111 1111111 11ξῃ1ς 11111113 1111 ,1111 ,111 1³ ,111111 11131 1111111131ξ3111131 1111 ,1111 ,111313 ,13
,111133111131111111 11111111 1111331111 11111 ,111 ,1-1 ,11 ,1133 13 ,111113111111111111 11111 111 ,111 13
,13 a& ,35 ,33 ,31 ,111 ,13 ,11 1111113111511111313 ,1311 13311113111111111111111111131111211313
a: ,13 ,33 ,111 ,111 ,11 ,11 ,1 1111111511111111 1111 ,111111 ,111 ,111 ,11 ,31 ,13 ,111
,11 ,11 ,31 ,113 ,113 ,313 ,15 ,35 ,13 ,33 ,131 3³ ,1311 ,11111111 m ,11111111111111111 ,313 ,13
111ξ1111111311 ,113 ,313 ,15 ,35 ,33 ,11 ,113 ,11 ,w ,1 11111111111111 ,11111 ,1111 ,111 ,1-1 ,11
mam& 1³ 1111 ,111 ,1111 1³ ,111111191111111115111 tvm 11111 ,111 ,111 ,11 ,11 ,1133 ,113 13 ,111113
,τ 1³ ,mm 1111 1111 115111131- ο ,3 ,11333133113 pm 11113111111111111111111311 mg ³1²3 11111115

13 ,1111111311311311111ᾁῆξ 1111 v. ⁶ ,1111 ,111 ,11 ,11 w 13 ,1111 111113 *Pb-{EQ 11131 133 ,11 ,11 w
,11 ,111 ,13 ,τ ³³ 13111113 1111 v· ⁶ ,1111 ,11113 ,113113 31131131 111193ἒ13ζκ131 1111 ,11 ,111 ,13 ,13 ,131
,111 ,313 ,15 ,13 ,33 ,131 ,113 ,κ’ ,13 ,1 13111113 1111111ξ111 1311311131, 1 ,1111 ,111 ,311333 ,33 ,131 ,11

135 ,1131 13 ,1111111113111115111131151 1131 1111 ,111 ,1-1

37

 

