117131 ’133
wffiffiw
wwffiw
1111111311 3115 3113 11133
11131 31113 1133

1111131131 3131131113
mfflwwss
z=*;7525·½;·½9 311 3111
’ 331533111ῐί1 35351113
131111 3111113111
&ww
wmfflffl
wmwwffl
11111 1131 31115 131
wwffiw
1111111131 1331 ,11113 11113
1 &mmmm

,13 ,33 13 ,31131 11111 ,11315 313 1-1 ,1131311 ,,111 ,13 ,33 13 ,3133 11111 31115 31311
,333 ,11333 31111 1311 331 113 ,15 ,33 ,11 13 ,3113311131 1313 33 ν. 2 ,131311 ,1111 ,111
,1113 3531 3313 31131331 ,11111 ,111 ,1111 ,111 ,11 ,11 ,31 ,113 ,33 ,15 ,13 ,33 ,31 ,1 13
,13 ,11 ,11 13 ,11113 3113 313 11111 ,1111 ,1111 ,1111 ,11 ,111 ,111 ,13 ,113 ,3 ,15 ,15 ,33 ,131 ,113 ,31
-53 33 1-1 ,311 ,1111 ,111 ,11 ,31 ,11 ,13 ,1 ,,1 13 ,11111 3531 1113 3113 3131 1111 ,13 ,313 ,15
,13 ,13 13 ,11133113 313 v.³ ,113 11133 113 1313 ’3 31311 1131 1111 113 ,13 ,13 ,13 ,131 ,113 13 ,311
,13 ,131 ,11 ,113 ,11 ,31 ,13 ,1 13 ,133 11113531 313 v-³ ,113113311113131331313 ’131111 113 ,13
,311 ,15 ,15 ,33 ,11 ,1 13 ,11113531 111313 31311 ,1111,1111111,111,111 ,311 ,111 ,13 ,15 ,13 ,13
,13 ,13 ,15 ,15 ,15 ,13 ,33 ,131 ,11 ,31 ,1 ,1 111 ,11111311 ,11111 ,1111 ,1111 ,111 ,111 ,111 ,13 ,31 ,13
313 1-1 ,31113111 ,1111 ,111 ,111 ,11,3113 ,111 ,13 ,113 ,11 ,11,1313 ,11113 ,1111 33 31111 ,111 ,11 ,1111 ,1111
,13 ,13 ,13 ,31113 ,3113 1131 3111 313 m ,13 ,15 ,15 ,33 ,31 ,11 ,113 ,31 ,1131111331135155331
,111 ,1111 ,111 ,111 ,111 ,111 ,13 ,13 ,33 ,113 13 ,,1113 31311313 v.⁵ .3111,1111,1’11,111,1”1 ,1111 ,13 ,15
,33 ,131 ,11 ,11 ,31 13 ,3113 11111 3131. 1 ,13 ,313 ,15 ,13 ,131 ,31 13 ,11113 3531 11113 1111131331 ,11111
1111 ι1133133111 31115 33 m ,13 ,15 ,13 ,1113 ,11113 111 313 v. ⁶ ,1111 ,111 ,111 ,111 ,113 ,15 ,13 ,13
,11331 31113 ,11115 3-3 v. 1 ,13 ,311 ,15 ,11 13 11113 111331 31111 131313 v. ⁷ ,,13 ,13 ,33 13 ,3133
,1111531311 ,3111,111,,“111,13,33133113111131331 ,311 ,1111 ,111 ,13 ,33133111311111
,13 ,13 ,13 ,33 ,113 ,31 ,3 ,1 ,111113 3531 3313 1113 13 v.s ,31 ,1111 ,111 ,13,33133131311113
,33 ,15 ,11 ,1113 ,3113 11111313 13111 ,111 ,1111,1111111111111 ,,111 ,111 ,111 ,31 ,113 ,113 ,13 ,15 ,15
,13 ,13 ,13 ,33 ,131 ,13 ,11 1311113131131313 ,3111 ,11,131 ,11 13 ,11111 35311113 13133131 113
,111 ,11131 1111 ,111 ,15 ,15 ,13 ,131 ,11 ,11 ,31 ,1 13 ,1311 1111111311 313 31 ,11111 ,1111 ,111 ,111 ,111 ,13
,33 13 ,31133 11111 ,11115 3131 11313 ,33 ,1113 ,3113 ,11315 313 v.⁹ ,3111 ,1111 ,1131 ,1111 ,11

,311 ,1111 ,13

211

 

