‚33 ..33
3333
3333
3333
3333
333
333333
333
„3333
33 4 33 33
,ἐξῇ
33
3333 ,444444
333333
„333
333 44444 44444 ,44444
33333
33

,44 ,44, ,44 ,4, ,44, 3 ,4 44 ,4,4, ..3 33„ 4444 „3 3 ,44 3 ,44 ,44 ,44 44 33 33„ 3 ,. ,4
4444444, 444 ,,. ,4 ,,,4 3 3 3 3 44 ,444 4444444 444444 444 ,,44 ..,,444 ,4,,4 ,,,4 ,44 3 ,44 3 3 ,44
,444 ,44 ,444 3 ,44 ,44, ,4,, ,4 44 33 ,44444 44444 333„ 3 ,. ,4 ,44 ,44 3 3 3 44 ,444444
,44 ,44 3 3 ,44 ,444 ,44 3 3 ,44 ,44 ,44 ,4, ,444 3, 44 ,44444 44 444 ,.. ,4 333 ,44 4. ,4
,444 44 33 3 44 ,444 ,44444 444 3 ,. ,4 ,,,4 3 ,44 ,4, 44 ,4444 3„ 44444 „3 3 3 3
,44 44 ,44444 44 44444444 4444 3 3 3 44 333 33 ,44 ,. ,4 ,44 ,44 44 ,444 44444 4444
44444, 4444 444 ,44 3 3 3 3 44 ,444444 „33 3 Ξ 3 3 3 3 44 ,4444 444444 ,44 ,. ,4
3 3 ,44 ,44 ,44 3 ,4, 44 ,444 ,444 4444 4444 444 444,ι ,444 444 4. 44 ‚3 3 3 ,44 44 ,44444 4,,444
33 33 3 3 3 3 44 ,444 ,4444444 33 3 4. 44 ,4,44 3 ,444 44 ,4444 3 3 ,4,444 ,44 ,444 3
3 3 3 ,44 ,44 ,4, ,44 3, ,4 44 ,44,44 44444 ,444444 ,44444444 444 ,. ,4 3 3 ,44 44 ,444 444444
3, ,4 44 33 ‚33 3 444 s 44 ,444444 4444444444 44 4444 4444 4,,44 ,. 4 ,4,,4 ,4,,4 ,4,,4 3 3
,44 ,44, ,4, ,,4, ,4 ,4 33 333„ 44 ,s 44 ,4,,4 3 3 3 3 3 3 3 3 3 ,44 ,,44, ,4, ,4,
3 „3 3 33 3 ,,,4 ,44 ,44 ,444 3 3 ,44 ,44 ,44 ,44 3 ,44 33 3 3 ,44 ,44 ,44
,44 ,44 3 ,44 ,44 3, 44 ,4444 444 444 33 4. 44 ,44,,4 ,4,,4 ,444 3 ,44 ,4, ,444 ,4, 3 44 ,444 333
,44 ,44 ,4, ,4, ,44 ,4 ,,4 444 33 44 s 4, ,4,44 ,4,,4 ,44,44 3 3 44 ,444444 33 3„ 44444. ,4444 3 ,4. ,4
,44 ,44 3 ,44 3 ,44 ,44, ,44 ,4, 44 ,44444 3 3 „3 3 ,44, ,444 ,444 ,44 ,44 ,44 3 ,44 ,44
,4,,4 ,. 4, ,44 ,44 3 3 3 ,4 44 33 333 3 ,. 4, ,4,,4 ,4,44 ,4,,4 3 3 ,44 ,44 3 3
33 4444 ,. ,4 ,44 3 ,4 44 33 4 444444 4444 „3 3 3 ,,,4 ,44 3 3 44 ,44444 444444 „33
,44 ,44 ,44 ,44, ,4, ,4, 3, ,4 ,,.4 ,44,44 ,4444 44444 ,44 44 4 ,4 ,,,4 ,44 3 3 3 ,44 3, 44 ,4444 4444
,444 ,4, 3 44 ,44444 33 33 444 3 „3 ,4,,4 ,4,,4 ,,,4 ,44 ,44 3 333 333 3333
,44 ,444 ,,44 ,44 ,44 ,44 3 ,44 ,44 ,44 ,4, ,4, ,44, ,4 444 44444 44444 44 ,, 4, 3 3 ,44 ,44 ,44
.44,4,44,4,4,4,,44,44,4444444,444444444444444444444444444444444444444444444444444444444444

ἓ ,

 

