444
4.,4, 4.,4. 4.,,, ,,,44 4444444444 444 444, 444, 44 44,, 44, 4., 44 4444444 4444 4444, 44 44, 444, 44,, 4,,4.
444 a} 4444, 44 444, 44444 ,4,,4 4444444. 4., 44,.44444 44,. 44 4., ,4, 44, 44, 44, 44,, 444, 444,
4444. 44 44, 44, 44, 44, 44, nr„ 44,,,4 44444444 444, 44 ,4, 44, 4,, 44, 4, 44, 44, ,4,, 4,,4, 4,,44
44, nr„ 44444 ,4444444 444 4444. 44 ,4, 44, m .,, 4,,4, 44444 44444, 44 4,,4, 4,,4, 4,,4, 4,, 4,,4 44444444
4,, 4,,,4 4444444 4444... 444, 44 ,4, 44, 44, 44, 44, 4, a„ 444 444444 4444 4444, 44 ,4, 44, 44,
4444 44,, 44 ,4, 44, 44, 4,,4, 4,.. 4.,,4 4,,4. 4,.4, 4,, 44 ,4,4 4,,44, 44 ,4, ,4, 44, 44, 44, 44, 44,,
44,, 44, 4,,4. 44,, ,,44, 4,,,4Η 4.,,44 4444444444 {r 44444 4444, 44 ,,4, ,4, 44, 4,, 444 ,44444444
44, 4,,44 444 4444... 44,,,4 44444 444, 44 4., ,4, ..4, ,4, 44, 4., 4,4 4444444, 44444, 44 4, ,4, 44, »,4,
44, 444 444 ,,44 4444, 44 44, 44, 4.,4, 4,,4, ,.,,, 4,,4, 444, 4,,4. 4 .,, 4,,,4 44444... 44,.,4 4444, 44 44, 4,,
44, 44, 44, 44, 4,,4. 44,,44 444, 4,.44 44,,,4 4444, 44 4444, Ξ 44444 44,, 44 ,,4, ,4, ,4, 44, 44, 44,,
444444 4444, 44 4, 44, 44, 44,, 44,, ,,,4, 4.,,, 4,,4, 4,,4, 4,,4, 4,, ,4, 44 ,4,. 4444 444, 4444, ,4, 44, 4,,
444444 4444444444 44444, 44 4., 44, nr„ 444 444444 44,,,4 4444 444, 44 ,,4, ,4, 44, 44, 444, 4,, 4,, 44
44, 44, 4,, 44, 44, 4, 44, 44,, 4., 4,,44 ,4,,4 4444 4444444, . ...4444 4444. 44. ,4, 44, »,4, 44,, 4444
4,4,4,4,4,.,,4,,,4, 4444444 444444 44444444 4444, 44 ,4, 44, 44, 4 ,, 4,,,4 444, 44,, 44 4, 4, ,,4, 44, ,4,
444, 44, 44,, 444, 44, 4.,,, 4,,4, 4,,4, 4,,44, ng 4,, 444 ,4444444 44,, 44 ,4, ,4, na 4,, 44, 4, 44,,
4.,,4 4,,44 444444 444444 44444 444, 44 44, 44, »,4, 4,, 44 ,4,,4 4444 4444 4444, 44 ,4, ,4, 44, ,4,
4444 444 444444 444 4444, 44 ,4, 44, 44, 44, 4 ,4 4 ,4 4444 44444.. 44 ,4, 444, 44, 4,,4, 4,,4,
444 4,,,4 44444 4444 444 4444, 44 44, 4, 4,,44 444 . ,4 444444 4444 4,,,4 4444, 44 4, 444, 44, 4.,4,
44, ,4,, ,4, nn„ Ρ, »4, aa 444, 444, H 44, 444, 44, 44,, ἒ 4,,4, 4,,4. 4.,4, 444, fe 44,,4, 4,...444 444444 44,-44444444
4,, 44 4444444 4,,444 444, 44 4, ,4, ,4, 44,, 4, 44, 444, 44, 44,, 4., 44,.. 4,, 44 44444444 444 4444 4,, 4, ,4,
444444 44444444 ,4444
Ch? mmmmm? 0 warm- 44
444. 4444, 44444,
44444444 444444
[r 4444, ..444 44444...
44444444 444 444444
4444. ,44444 444444. 444..
444444.. 444. 4444444 ,4444
44444 44444
4444444, 444 444444 ,44444
44444444, 44444 4444444
ΞΓ, 444444,
4444, ,444 44444 ,444444
444, ,4444 4444 444
444 ,4444 4444444444

444444 4444 ,444444
44444 444444
,4444444 44444444

ΗΓ ΕΞ, m 572 Σὲ

 

