1111111
1111111111
11111111111111111 4
11111111111111111
31111111 1111111111,
1111· 11111111 1 15511111
111111111111111111
1111 1111111111
1111111111
ms< 11111 1 ,11111
ξ111 1111111 111111
11 111111 11111
111111 1113111
1111 1111111111
111111-11151111115

,11 ,11 11 ,115 1111 11111111 11111111 111511 111 ,511511 111 ,111 ,1111 ,115 1111111 1111111111 1111111 wa
11111111 :ww ,111 ,15 ,1511115 1111111 11111111 ,111 311 ,15 ,1111 ,11111 1111111 1111111111 wo 31111
11 ,1111111111 ’1 111 111111111111111 ⁸⁹3 mn 511 1111111111 11 v· 1 ,13 ,111 ,11111 ,111111 11111 11111111
11,1111111111κ”11.5 ,111 ,11 ,11 ,11 ,1 ,15 ,15 ,11 ,111 ,1111 ,111111 ,1115111 wo v.4 ,1111 ,11 ,11
,11 ,11 ,111 1111111111111115 ,1111111111 11111111111111111111111511 211 ,11 ,15 ,31 ,11 ,111
’,11111155111111111111 11 ,111 ,11 ,15 ,15 ,11 ,11 11 ,111111 1111 11ςὲ ⁸¹¹0 1-5 ,11 ,31 ,15 ,15 ,13
11 ,11151 11111111 111111 111 ,1111 ,11 ,1111 ,115 ,11111 1 1151111111 11111 11111111111111 ,11 ,1 11 ,115111
111111 ,15 ,1311,1151111111111111111111 xm ,11 ,1 ,15 ,11 ,111111511511111551111111111 313

,1111 ,111 ,1111 ,111 ,111 ,11 ,111 ,11 ,1 ,15 ,13 ,111 ,κ’ ,11 ,11 11,111111111111151151111111111111
’11111 1111111151 sun 1111 ,111 ,11 ,111 ,11 ,11 ,15 ,15 ,15 ,13 ,3.’1,1111,111111111511111111111 11
11111 ,151 11111 11111151 11111 11111111 ,111 ,111 ,11 ,11 ,11 ,11 ,13 ,1111 111111111511111111111
,1 11 ,1111115111111 ,1111 ,111 ,111 11 ,111111 1111111 1111111111 1111111 313 ,111 ,111 ,1 11 ,1111111111
1-1 ,1·1 ,111 ,1 ,15 ,15 ,15 ,11 ,111 ,11 ,11 ,11111,11111111,11111111111 ,11111115 ,11 ,1
,13 ,33 ,11 11 ,1111111111111 ⁷ ,1111 ,15 ,13 ,11 ,1 ,11 11 ,1111111511 1111111 v. τ ,11111111 ,111
1111111111111111111 ,111 ,111111 11 ,111 ’111 111111 = 111111111111 51 311 ,111 ,11 ,1 ,15 ,15
,111 ,11 ,11 ,111 ,11 ,11 ,15 ,15 ,15 ,11 ,11 ,11 fx* ,1 111111511111111111.ε ,11 ,111 ,15 ,33 ,11
11111 1111111111 ,11 ,11 ,11 ,11 ,11 a: ,11 ,1111111 115111111111111111111Γ111 1111 11111
,15 ,11 11111111 11111, ’1 11151111 ,1111111111111 ,11 ,111 ,111 ,1 11111111111111111151111111111ς1111
,1111111111 ,111 ,111 ,111 ,15 ,15 ,11 ,11 ,11 ,111 ,κ’ ,11 ,1 11 ,11111 11111 1111511111 ,11 ,111
,111 ,111 ,15 ,15 ,11 ,11 11,11111111119115-11111ι 111 v. ιο ,111 ,111 ,11111 ,15 ,15 ,111 ,11 ,11111 ,111111
,11 11 ,111111111111 1111115 1111 11111111 m ,15 ,33 ,w 11 ,111111111111111111511111111 11111
,111 ,11111 ,11111 ,11111111 1111111111 ,11111111 313 ,11 111111111111111151111111111 1111 ,11
,13 ,13 ,11 ,11 ,1 ,1111 ,111111 1111 1111 v, 10 ,111 ,11 ,31 ,13 ,111 ,11 ,11 11 ,11111 1111111115 ⁸¹0 v. 10

070 ,113 ,Ξῶ ,13

160

 

