‘= wbrtn 38134391

1111111 2³
1111111111
11111111111111111 11
11111111111111111111 2
‘ 11111 11111111
1111111111
11111111 1111 11111
11111 111
’1111111111
111111 11111
111111 11111
1111 11111 111111
, 11111 11111
1111111111
11111111111111
. 111. 11111111
-111111111-’11111-111
111111111111 ⁷
,11,11 ,15,11,11 11 ,1111 111 v. 2³ ,11,15115 ,11 ,11 ,11 ,11 11 ,11111111 ’111111 ,11111111 11
111 11111 ,11 ,111 ,1,15,15,11,1111111111111111151111 ε’1111111115’11111,1’1’,5ν.ι ,15
1111111111 ,15 ,11 ,111 ,11 11 ,1111111111111νΙ 1 ,11 ,15 ,15 ,11 ,τ’ ,11 11 ,111111111111115
11 v·² ,111 ,1 ,15 ,15 ,τ’ 11 ,111111 11111 1111511111 1 ,111 ,11 ,11 ,111 ,1 ,15 ,15 11 ,11111

,1111 ,11111 1111111 ’1111111111 11111 ,1111 ,111 ,1 ,15 ,11 ,11 ,1 ,1 11111 11111111 ’11 ,1111111
111111 11 ,11111111111111111”11311111,111111111111111,1511,1111111111 ’pb ,11111 1111 111111
11111111,111115111111111,11111111111111111111111111111111511,1111111111111111 111
111 ,11 11 ,11111 1111111111 1111 1111 1111111 1111 ,11 ,11 ,11 ,1 11 ,11111 111111 1111111111,
,11 ,111 ,11 ,1 ,11 ,11· ,111 ,11 ,11 ,1 111511111111 1111 ,11 11 ,11111 1111 11111 1111111 11111111
11 ,111 1111 ι ’15111 11 m ,1111111111 ,111 ,11 ,111 ,15 ,111 ,111 ,1 11 ,111 ’11111 111. a ‚ww
:ww ,15 ,11 111111111111111111 111 ,11 ,11 ,11 ,11 ,1 11 ,111111 111111 11111 ,111 ,15 ,15 ,11
111 ,11 ,15 ,11 ,11 ,11 ,11 ,11 1111511111111111111115 ,11 ,11 11 ,1111111111111111111
11 ,1111111 11111115 ,1111 ,1111 ,111 ,1111 ,11111 ,11 11 ,1111 1111 1111111 111111 1111 1111111
,1 11 ,111111111111111111 ⁶ ,,11 ,111 ,11 ,11 11 ,1111 111 111 1111 ν. ⁶ ,1111 ,111 ,111 ,11 ,11 ,11
1111111111111111 1111 ,11 ,1 ,15 ,11 ,11 ,11 ,11 ,11 11,1111’111111111111111 ,11 ,11
11511151511-11111 1111111 mv ,11 ,11 11111115111111111111 ,11 ,15 ,11 ,1 11 ,11111
11 v· ⁷ ,11111 ,111 ,11 ,1 ,111111111111111111 ,1111111111 11111111 ,111 ,11 ,15 ,11 ,1 11151

,1111 ,111 ,11 ,11 ,11,11 ,11 ,1111 ,1111 111 111111νι ⁷ ,11 ,11 ,1 ,15 ,11 11 ,1511 ι 111111
'18

 

