’1111 ἾΞ1Ε1

ww&

ffiwwmffiw
wmfflmffi

mmmmm
ffimwmmm

11111 111111 ,11111111135111
ffifflwwm

1111 11111111 111111 1111111151111111
fflwfflffi

mmm&
&mm

1111115111 11111 1111111111
ffimffifflm

9 ¹ 1111111111111111111

,11 ,11 ,11 ,311 ,15 ,15 ,13 ,11 ,111 ,11 ,111 ,11111111113 ,1111111 ,111 ,13 ,1 11 ,11111111 v· ³
,11111151 111151 ’5 1111 1111 ,11 ,11 ,111 ,111 ,13 ,33 ,111 11 ,11111 15111111 ,vn v. 1 ,1111 ,111 ,111 ,11
,111 ,15 ,15 ,κ’ ,1 ,11 111111111111151111111111111 ,11111111111111 ,31 ,13 ,13 ,11 ,111 11
,15 ,15 ,33 11,1111111ς11111111115 ,11111 ,111 ,11 11 ,11111111511111111111111111 11111 ,111 ,31 ,113
1111111115 ,111111,15,13,1111111111111111111115 ,11 ,15 ,1111111111111111111111 113
,11 ,111 ,111 ,13 ,11 11 ,111111111-11111 1111 ,1111 ,111 ,11 ,11 ,111 ,31,313 ,15 ,15 ,111 ,11 ,,·1 5151
11511 1111111111111 ,111 51111111 15 ,1111 ,111 ,111 ,13 ,11 11 ,111111 111511 111 15 ‚ww ,111 ,1111 ,111
111111111111115 ,11 ,11 11 ,111111111111111 5111 11111111 1111 ,111 ,11 ,15 ,15 ,33 ,111 1111111
,111 111 ,111 ,111 ,111 11111111111111115 ,111 ,1111 ,Π1 ,11 ,31 ,111 ,113 ,15 ,111 ,111 ,11 ,11 ,1111115
11 ,115115111111111111111 wo v.⁶ ,,11 ,11· ,11 ,15 ,111 ,11 ,111 111111111111111111111111 11111 ,111
,11,11 ,15 ,13 ,1 1111111111111111111 ,11111 ,1111 ,111 ,11 ,11 ,11 ,113 ,311 ,13 ,13 ,111 ,11 ,κ’
,vm 1111 11 1111 1111111 11111 111111, 1111 11111 ,111 ,111 ,31 ,11 ,11 11 ,11111111111111111 11111 ,111
,11 ,311 ,13 11 ,1111111 111515 111 1-1 ,11111 115111 311 1111111111 3111 ,111 ,111 ,31 11 ,1111111111
11 ,111111 11111 1111111111 ,111 ,1111 ,111 ,11 ,31 ,15 ,15 ,33 ,11 ,11 fx* ,1 11 ,111111 1111111111 ⁶
11111111111111111111111 31111 ,111 ,11 ,111 ,1 11 ,1111111 111111 11111 1111 ,11 ,311 ,15 ,13 ,13 ,33 ,11
111 11 ,1111115111 1111111111 1111 ,111 [11511 1111111111 ’11 ’1 11 ,115111 111 wc vv. 11 ,11111 ,111111
,111 ,111 ,13 ,13 ,111 ,11 ,κ’ ,1 11 ,11111111111111111111111 ,15 ,13 ,111 ,1 11 ,1111111 11111151
,11 ,111 ,311 ,11 ,1 11 ,11111 1511 11111 1111111111 ,111 ,111 ,1 11 ,1111111111 11111111111111 ,11111
1111 ε ,13 ,111 11 ,11,11 11111 11111111 115 ,13 ,33 ,11 ,111 111111111111111111 1111 ,11 ,11 111· ,11·
’1 ,1111 ,11 ,11 ,11 ,15 ,15 ,11 ,1 11 ,11111111111 ,1111 ι 1111111111 ,311 ,15 ,11 ,1 11 ,1111 11111111)
151111111111111111 1115 ,11111111111111111111111111 m ,11111111111111111111111

,11 ,13 ,31 ,11 11,1111.1’1111111111111 ,11 ,311 1111511

85

 

