111111 111
111111 111

111 111111
1111111111

11111111 11111
Ι111111111111

tw. 1111111 11111111110 2³:
11111 ’11111

1111111111
11111 1111111

11111111 11111111
1111111111

1111111111 111111
1111111111
1111111 11111

11111 1111111
111 1111111 wag-bs

1111. 1111111
ww? ᾗ
111111 1111111·

,15 ,13 ,11 ,11 ,1 11 ,1511111115 wc v. 14 ,11,11 ,31 ,15 ,13 ,11 ,11 ,11 ,1 11111111111111. 13
1511 11111 -11 1111 111 ,15 ,15 ,11 11 ,11111 11111 11111 11111 1111 11111 v. ιε ,111 ,11 ,111 ,31 ,11
,111 ,11 ,11 ,1111 ,1111 11111111 111111Ἰν 11111 11111111 131 ,13 ,11 11,111111111111··1111111
11111111· 11511111111511111 111 ν. ¹⁶ ,11,11 ,31 ,15 ,15 ,13 ,11 ,1 1111111111111111. 1⁵
,11111 ’,11111 11 v. 1⁶ ,1 ,11 11 ,11111111111111511 ,1111111111 11111 ,111 ,111 ,11 ,111111 111 11111
,15 ,11.111 ,1111 111111 1111 11111 wo v. ιο ,111 ,111 ,11,11 ,13 ,13 ,11 ,11 ,111 ,1 ,1 11 ,11111 111111
,11 ,11 ,1 ,1 11,1111111111111111111111 ,1111111111 11111Ξ11111111111111 11 v. 17 ,11 ,11
,1 ,15 ,15 ,13 ,13 ,33 ,11 ,11 ,11 ,11 ,1 ,1 1111 111111 11 v. 1⁸ ,1111111,1111111 ,13 ,13 ,13 ,11
,11 ,11 ,31 ,15 ,13 ,1 ,1 11151111111111 11111 ,111 ,1111 ,111 ,111 ,11 ,11 ,11 ,111 ,,11 ,11 ,31
111111 11111 ,1111 1111 1111 ,11 ,11 ,11 ,111 ,1 ,31 ,11 11 ,111 1111111111 ,1111 wo v. ιο ,1111 ,11 ,111 ,1
,11 ,11 111111111111111111,1111111111 111 ,11 ,111 ,1111111111111111 1111 111 ,11 ,15 11 ,11111
111. 2⁰ ,111511511111 11111 11111111 131 ,15 ,11 ,1 11 ,11111 111111 11111 1111111 111 v. 11
,31,151111111111111111111121 m ,111 ,11 ,13 ,13 ,11 ,11111 ,1 11 ,11111111111111111111
,31 ,1 ,13 ,33 ,11 ,1 ,11151111111111 ,15 ,13 ,κ’ ,1 11 ,11111111 1111 111111 11111 ,111
,11115 ,15 ,11 ,11 ,1111111111111111 111111 15111111 11111 ,111 ,11 ,11 ,111 ,11 ,31 ,11 ,11

,13 ,11 11 ,11111 11, 11111111 113 ,11 ,τ’ 11 ,11-1111111111 11111

45

 

