35wa ‘150

1111111111
,ᾗ wwww

'⁰.2fflwfflfi
wfflwffi

wssffiffi
ffisswffiffi

wwm
&pv->2³2053272222

wwffiffi
1111111 1111 1111

meffin
1111111111 11111

wwwffl
&ww

1111111111, 11111111
.,, mffiffl
1 wmffifflw
,13 ,33 ,11 ,w ,1 11111111111111111 113 ,111 ,15 ,11 ,111 ,1 11111111 1111111 11111151111111
11111111 11111 ,1111111 ,111 ,11111 ,111 ,11 ,15 ,13 ,111 11 ,111111 11111 111111 11111 1111 ,111 ,1111 ,111
:nm '³³ 1111 ,,11 ,1111 ,11 ,11 ,11 ,13 ,331 ,111 11 ,11111 11111111 v. 21 ,111 ,11 ,11111 ,111111 11111 1111111,
,11111 ⁸⁴72] ,1111 111111 wo v. 22 ,1111 ,1111 ,11111111 ,1111111 wo v. 22 ,13 ,111 ,η ,33 ,111 11 ,11111 11511
51151111 111 ,1111 ,111 ,31 ,13 ,13 ,111 ,111111111111111111111 111 ,111 ,111 ,11 ,15 ,11 ,111 11
'zm ,15,15111111115111111111111111.13 ,1111111111 111,κ“,111,111111111111.12 ,1111111
,311 ,15 ,13 ,11 ,111 ,11 ,1 11 ,1111 1111111113 ,1115 115111 1111 11111 ,1111 ,1111 ,111 ,11 ,1111 ,11
11 ,111111111111111 111111 ,1111 ,111 ,11 ,11 ,111 ,1ῠ ,15 ,11 ,κ’ 11 ,1111 11111 11111 ‚wo v. 2³ ,m ,11
,1111 11111 ,111 ,1111 ,11 ,111 ,111 ,15 ,111 lx* 11 ,111111 1111111115 5111111114 ,111 ,311 ,15 ,13 ,111
111111 1111111 11 wo ,,11 ,1111 11 ,1111 ,11111 ,1111 ,15 51111 1111 1311131111 ,11111 1111111115511 '2³-
11111 ι 11111 1111111 115 113 ,113111 ,15 ,13 ,1111 ,11111 ,1111111511 111111 11111 115 ,13,11 11 ,11111
1111111111 ,11111 ,1111111 ,11111 ,13 ,11 ,111 11 ,111111111111111 11ῠ ,33 ,111 ,111 1111ῡ1115111
1111111115 ,1111 ,1111 ,111 ,11 ,11 ,111 ,111 ,1 111111115111111115111111-15 ,13 ,13 ,13 ,111 ,1
..111 ,111 ,111 ,11,31 ,111 ,111 ,15 ,11 1111111111111’11.11111,1,111ν.11 ,311 ,15 ,15 ,13 11 ,1111111111
,11 11111111111111 1111111 1111 w ,111 ,11 ,31 ,111 ,111 ,11 ,15 ,11 ,11 ,11 11,11111111”11.11
11 1111 1111 1111111111 311 ,111 11 ,111111 1111 11111 11111111 115 ,113 ,111 ,11 11 ,111111 11111 111 ν- 2⁷

,111111111111ἔ11111 1111 ,111 ,111 ,111 ,13 ‘ab ,15 ,13 ,111 11111111111111118 ,111 ,111 ,11,13
,33 ,11 ,111

73

 

