5555 6615-651

nmfflwfflwwffi w
5555

&mm-³5 0 7³2⁸?ss
1111115 5511 511111
&mmm
11151111515115
5555
55555
:ww
tmfflwmffiffim
wfflfflw
sswfflffiss
15555
mmm& 1
1111111151ἓ 51115511

11151Ῑ51111111111 4
,15 ,51 ,111 ,51 ,1555115 1151 1511111511,11151511,511 ,55 ,11 11515555151151155515

,15 ,11115 ,5115 151 15 1151111115 ν. 1⁷ ,55 ,15 ,55 ,15 ,55 ,151 ,11 ,115 15 ,11515 ,11111 115 v. 16 ,55 ,5
1151 1111151,1’115,115515115151·ζ511511511555 15111115115 ,11115151151111111151 155 ,5
,5555 555 5511111515 ,15 ,11.1 ,11 15 ,11515 ,1555 15 11511 1151 1515 ,15 ,11 15 ,5115 11555 15 111111
5511, 1115 v.1⁷ ,111 ,511 15 ,11115515555111551555 11111 ,511 ,111 ,11 ,51 ,115 ,511 ,55 ,11,51 ,1 15
,11 ,115 ,55 ,15 ,1115 ,11515 11555 115111 115 115 v. 1⁸ ,55 ,55 ,15 ,15 ,55 ,15 ,55 ,11 ,111511515
,111 ,1111111 ,511 15 ,51151151 1115 1511155 11151 115 ,15 ,151 15 ,1515 ,115 15151115 11151 1511 ,55
,55 ,15 ,55 ,55 ,151 ,111 15 ,155115111111155 v. 18 ,1111551115 1151 11515555 1155111111 151 1511
,51 ,15 ,5 ,15 ,15 ,15 ,11 1151115515 ,511 ,1111115151 ,11 ,15 ,15 ,555 ,15 ,15
,55 ,15 ,55 ,11 ,11 ,51 15 ,5115 1111 ,115 v. 2⁰ ,55 ,515 ,15 ,55 ,15 ,55 ,11 ,11 15 ,11515 5111 1115 v.1⁹
,511 ,1111 ,511 ,15 ,151 1511515511111111551151- 20 ,511 ,1111 ,511 15 ,11555 1111511155 1111 ,111 ,55
,115 ,11 ,15 ,1 15 ,155 11111111 11151 1111111 ,111 ,55 ,15 ,15 ,15 ,11 15 ,51151151511111515511 0¹10
11511 ,511 15 ,1115 11515 515 ιιι ,511111511111,11111,515 ,511151 ,11 ,15 ,55 ,15 ,15 ,55 ,151 ,11
,11511 1155151155 111111 1151 1111 ,55 ,15 ,55 ,55 ,11 ,111 ,15 ,5 15 ,5115 1111111115 v-2 ,115 ,115 ,11515
,115 ,515 ,55 ,111 ,,11 ,1515,555,155515115111111111511 ,5111 ,1111 ,111 ,15 ,15 ,55 ,151 ,115 ,111 ,1 15
,511 ,55 ,15 ,15 ,151,11 ,11 15 ,51151151111511511 ,511 ,15 ,151 ,11,111 15555115155111111512
11151 115 ,151 15 ,15151115111513 ,55,511,15,15,55,15,151,11111115,1151511115 515 v.2 ,51111111
,1111111 ,111 ,111 ,511 ,15 ,15 ,151 ,11115 ,51155115111551511 1111151514 ,55 ,515 ,11 15 ..15515 51115
,511 ,55 ,11 ,11 15 ,5115 11555 5151 1111111 5151 155 ,15 ,55 15 ,5115 15151511 1151111151 15111 ,1111

,111511 ,55 ,55 ,15 ,15 ,15 ,15 ,55 ,11,11 ,51 151155111511115155ν-1

134

 

