*17⁸³* 111
mffimwffi
ww&
mm&
uffiww
111-1 111111ἣί

1.

fflmffiffifflffi

Pffiffiw

wmwi
wffiffiffl

1111111 111111
111

1111111511 111 111
waw

1111 111-11
fflwmffi

11111 ,11,11 ,11111 ,1111 1511111111 1111 ,11 ,15 ,11 ,11 ,11 ,11 ,11 ,κ’ 11 ,11111 1511111111
’11111 111 v· ⁷ ,111 ,11 ,11 ,11 ,1 ,15111111111111111 111 11131111 1111 ,11 ,11 ,11 ,1 11 ,11111111
111111 11111ἶ 11111111 115 ,11 11 ,1111111111111111111111 1111 ,11 ,11 ,11 ,11 ,11 ,11 11 ,11111
111 ,11 ,11 ,11 ,111 111111111111111111 ,11 ,11 11 ,1111111111-’1111111111111 115 ,11 11 ,1111111
,1 ,1 1151111111111- 1 ’,111 ,11 ,15 11 ,111111 11111 1111111 111 ,15 ,11 ,11 11 ,111 11111111 ’
,11 ,1 11 ,111111 111 111111 11111 ,111 ,11 ,11 ,111 ,111 ,11 ,11 ,11 ,11 ,11 ,1 ,15 ,15 ,11 ,11 ,11
,11,11 ,111 ,11 ,11 ,11 ,111 ,11 11 ,1111 11111111. ⁸ ,1111111111 ,111 ,11 ,15 ,11 ,11 ,11 ,11
111 11111 ,111 ,11 ,11 ,11 ,11 ,11 ,11 ,11 ,111111 1151111111 11511 1111111115 11 11 ,111 ,111 ,111 ,11
,11 11 ,111 1511111111111111111 111 ,11 ,11111 ,11111 ’11 11111111 11111111 1111 11 ,1111 111 1115
, ,11,11,1,1111111111111111-’,115111 111111111111 11111111151111111111111,15,11

111 ,15 11 ,1111 11111111 1111 111111 1111 ,111 ,111 ,11 ,15 11 ,11111 1511 1111 ’111115 11111 111 ,11

111 ,11 ,11 ,11 11 ,1111 111111 ,1 11 ,111 1511 ,11111 1115 111 111 11 ,11111 11511 1111 1111115111
,1111 ,1111111111 ,11.11 ,11 ,11· ,111 ,11 ,11 ,15 ,11 ,11 ,11 ,111 ,1 11 ,1111 ,1511 11111 ’11 1111
,11 ,11 ,111 ,11 ,11 1111111111111 511 1111111111 ν. ⁹ ,11 ,111 ,11 ,1 ,1 ,1 11 ,11111111 111 v· 0
,1111 11 ,111111 111111 1111 11111 1111 111 ,11,11 11 ,1111111111 1111 11111, 111111 1111 ,111 ,111 ,11
,1111111 ,11111111 ,11 ,11 ,11 ,15 ,11 ,1 11111111151111111. 1 0³03 ,111 ,111 ,11 ,11 ,11
1111τ 111111 1111 ,1111111 ,11 11 ,1111 111111 1111ξί 1111 1111 ,11 ,11 ,11,11111111111111111
111511111111111 ,1,15 ,11,1111,11111111111111311111111··112 ,11,11111111111111
,11 ,11 ,15 ,11,11 ,11 ,1Ὶ ,11 ,11 ,1 ,1 11111111511111111 ,1111511111 111111 1111111111
,11,11 ,1 ,15 ,11 ,11 ,11 ,11,11 ,1 ,1 ,1 115 1111 111111 11 m ,1111111111 ,111 ,11 ,11 ,11 ,111
,111 ,111 ,111 ,11 ,11 ,111 ,111 ,11 ,15 ,11 ,11 ,11 ,111 11 ,1111111111 11111111 1111 ,111 ,11 ,11 ,11
,11 ,11 ,111111 ,111 ,11 ,11 ,1 11 ,1111 111 111 11 ,11 ,15 ,11 11 ,11111 111111 1111111 11111

,111 ,111 ,111

115

 

