111111ῡ
γ’ 121151 1111 151
11111551 115111 111 11511·
115111112111111211151
tfflfflfflww
15155111111111111115115111
1111115 11111 1511511111115
11511011115011111111111511111111
21111 11111115 1111212111 1111
’ 11111211 111
111112111511111511111511111115
111121111511111· 11111
11111111112151111

,11111111,311151131-111111111 .1’11,’”“1,1”Ἶ,1’Ἰ,Ἶῠ,31.’1 ,1535111111 13 ,111111 11111 8¹0 mu
11111111 1111 ,11-111 ,111 ,111 ,111 ,11 ,11 ,11 ,111 ,111 ,11 ,15 ,11 ,11 ,11,11 ,1 11111111111111
,1111111515,13,13 ,13,111,1111111,1111111111111511111111 113 ,15 ,15 ,33111111111111

11 v· 22 ,111,111,1”1,111.11“1 ,13 ,11 ,11 ,15 ,13 ,13 ,111 ,11 ,111115111115111 111 1111511111 111111
1 ,11 ,11 „ww ,,11 ,111 ,11 ,11 ,111 ,11 ,111 ,11 ,15 ,15 ,11,11111 ,111 ,11 ,11 ,11 ,1151 11111111
,1111111111 111511111111 ,11 ,111 ,11 ,15 ,13 ,33 ,11 ,1111 ,1111 1111111111 wo 11111,11111111111111
,111122 ,111111 11111111 5111 11111 ,111 ,111 ,1111 ,113 ,111 ,11 ,31 ,111 ,31 ,33 ,11 ,111111121111111
,11,15 ,13 ,111 fx* ,111111111111111111111111 11111 ,111 ,11 ,111 ,113 ,15 ,11 11 ,11111 111111 ,1111111 11111

,1111 1111111 1111111 ,1111 111111 1111111 1111 11111111 1111 ,111 ,1111 ,11111111111111111111111111 1111 ,13
,15 ,13 ,33 ,111 ,11 ,1 11 ,11111 11111111 11111 111, nvn v. 22 ,1111111 ,11111111111111111 1111 11121 ,111 11
ιῖὒίῬ 1) ww W 5351115122 ,3111111111111111111111111111111 111111,111,1111,1111,111,111,1”1,31
,13 ,13 ,33 ,11 ,111 ,111111111111111111111122 ,311 ,151111111111111111111111 113 ,15 ,13 ,13 ,33
,11 ,15 ,15 ,13 ,111 'w ,11 ,111 ,11511 ,1511111111 1111 ν, 22 ,11111,121,1111,11,1”1,11,1ῡ ,11 ,15 ,13
,1111 ,11 ,11-1 ,111 ,13 ,13 ,11 11 ,11111 11111111 1511511111511123 .1111,111,111,111,1ῡ,1“11
11111 :ab ,13 ,13 ,11111111111111111 1111 ,111 ,15 ,13 ,11 ,111,11111111111111111511111-21 ,1111
,1111,1111111111,11111 ,1111 ,11111 11111111 1 115511 11111111 wo v. 21 ,111 ,111 ,111 ,111 11 ,1111 111
,11 ,1111111111 ,111 ,111 ,11 ,111 ,n ,15 ,15 ,15 ,11 ,11 ,11 ,11,11 fx· ,1 ,1,.1 15111111111121
11111. 22 ,11111 ,111 ,111 ,111 ,13 ,11 ,31 ,111 ,111 ,13 ,11,1111,1”111111111,111 111 :nu-1 ,11-1 ,1111 ,111
5151 nme) 1111511111 111111111111511115 11111111 111 1111 ,11 ,111 ,1311115111 1111111 1315, 11111111
11111111 1111 111111111111151111111111111 111111,111111511151511111111151111 11111111111111
11131. 1 ,111 ,111 ,1’1 ,1111 ,13 ,15 ,13 ,111 ,τ’ ,11-1 ,κ’ ,111 ,11111111 111· ww: v· 1 m ,1311 ,ΠΨ-11315
,11 „w ,11 ,1 1111 11111 11 v.1 ,1111 ,115 ,13 ,111 ,11 ,15 ,15 ,13 ,13 ,13 ,11 ,111 ,11 ,1 ,1111115111111111
,111 ,15 ,15 ,11 ,1 1115111111 ε111 ,1111 ,,11 ,13 ,111 ,31 ,1 ,15 ,11 ,11 ,11 ,11 ,111 ,11 ,111
,13,311 ,15 ,13 ,13 ,11 11 ,111111 11111151 111 ν. 1 ,1111 ,1111 ,111 ,1111 ,111 ,11,11 ,1·1 ,111 ,1ῦ ,11 ,11
1111 ,1111111111 ,11 ,111 ,15 ,15 ,15 ,11 ,11 ,11 ,11 ,11 ,κ’ ,11 ,111111111111111 ,111
,11·11111121111,1111 ,13 ,13 ,111 ,111 ,111 ,11 ,1 11 ,11111 1111111 11111 11111111 v. 2 ,1111 ,121 ,1111

113 8

 

