1111113355 ,
twwan
15533
twfflfflm
fffflmwm
Qfflfflffl
15 55111331 3113151 513
1133, 11511113 31131151
11311111 31111 11111
Πῑὲῦ 533.ἶῖ 113ἕὲ ἮΞ]
mmm&
111311. 5131131
155555
5555
tmwwwm
ῙῗἿΞΫἾΨἹἿἿὍῖἾ-ἓὲἵῖ
. 1515111 53151 31111331
w mfflww
,1113 ,35 ,131 ,5 ,15 ,35 ,33 ,51 ,15 ,15,113113135111111 1311 ,35 ,55 ,15 ,1 1111135111151ε
,111 ,35 ,15 ,55 ,35 ,15 ,13 ,11 ,11 ,1 111113511111111115 ,35 ,35 ,13 ,11 ,1 11111151111111511
,55 1³ ,13111 133311111113111151 135 ,11 ,1 11 ,311511311311111111311111 ⁶ ,1111 ,1113 ,1113 ,113 ,13
,5113 ,11113 ,1113 ,3113 ,1113 ,113 ,1113 ,35 ,5 ,15 ,13 ,35 ,11 ,115 ,111 ,5 -,1 1131151151111111 ,γι-1 ,πῃ
1113 ,311 ,111 ,11 ,31 ,35 ,5 ,15 ,35 ,55 ,11 ,31 ,11 ,51 ,311151511131311111131131133111111
,51 ,15 11 ,11311 11511 11111 1151 5113111111 11113 ,1113 ,1 11 ,11111 1111311111 15131131111111131351
,311 ,35 ,33 11111111311331315111111 ,1113 ,3113 ,1113 ,113 ,13 ,511 ,35 ,15 ,15 ,15 ,13 ,13 ,33
,1113 ,11-1 ,313 ,113 ,13 ,111 ,35 ,111131111351115 1151 51511 5511311111 311 55111331 1111 m ,m
,5 ,51 ,15 ,111 11 ,111111 11111 11113 ,1113 ,1113 ,113 ,13 ,113 ,15 ,1 113131 11511 11135 311, 1111 m
’ 113111 ,1131113113113113 ,51 ,15 ,15 ,15 ,35 ,13 ,35 ,51 ,15 ,111 ,1 1131151151111115111111511,
1131111111 sum 1113 ,35 ,35 ,13 ,15 ,11 11315113111111 ..311 ,311 11113151113111
,11 ,35 ,35 ,15 ,33 ,11 ,1 11 ,1111 31131111 v. ⁹ ,11-5113111111 135 ,15 ,5111 ,111 ,5 11 ,111311
,31131113 ,113 ,111 ,1113 ,311 ,35 ,131 ,11 ,35 ,15 ,35 ,151 ,15 ,111 ,5 ,1 ,3 11,311131151511,11111ν.1 ,1111
-51131111111111111 135 ,11 ,1 11 ,1113111111 11111551 1111111131 1111 v. 10 ,111 'n ,31111 131 11111 ,1113
,1131111111 111311 11111551, 1111111131 11111 111113 ,113 ,113113 ,35 ,55 ,55 111131111311111131511311
111131] 311111 11111 115 ,35 ,35 ,33 ,51 ,111 111111113111111],13111;1111151.ιι ,113 ,113 ,15 ,51 ,15 1³
,33 ,15 11 ,1311113511 111111. 11 ,11 ,31111111 13111 3131 1511, 1115 ν- 11 ,113 ,35 ,11 ,15 15 111111 111115

,5 ,15 ,35 ,35 ,55 ,11 11 ,3115111111311111111111111 v. 12 1113 ,1113 ,13
11

 

