115111
1111 1111. 111111 11111111
1111. 11111111 111111 ῑ 1111
1111151 1111111 11111 15111,
115 5111 51111· 111515 11111
51111111 1111111111. 1115111·
1111 11111, 11
111 11111111 111151
11111 1111 1111111
5111 1111, 111111 xj& 15
111111 1111111155
’11ἒῖ 1ἱῖῦὲ 11151ῗὲ
1151111111 1111
1111111 11-1-11 111111

ΤΚ

20

,15 ,11 ,11 ,1 11 ,,11-,11 1111, ,1111 ν. 11 ,111 ,ἾΒ ,111 ,zm ,15 ,15 y:3 ,11 ,1 11 ,1111 1111 1111 11111 1111
,111 ,11 ,11 ,11 ,111 ,111 ,,11 11 ,1111 1111 1111 ,1111 v. 15 ,111 ,11 ,111 11 ,1111115111111-11111111 111
»111111 111111 5111115 1111 v. 15 ,11 11 ,11111 ,151 11111 11 ,11 ,11 ,11 11 ,15111 1 1111111111 1111 ,11-1 ,11
,11 ,11 ,111 ,111 ,111 ,15 ,15 ,11 ,11 ,111 ,11 111111 ,111111 v. 15 ,11111 11 111 ,111 ,15 ,11 ,11 11 ,11111
,11 ,11 ,11 ,111 ,11 ,111 m ,1 1151511111111 11 11 ,11111 1111111 m} 111 11111 ,1111 ,111 ,,11 ,111
111 ,11 ,11 ,15 ,11,11 ,11,11111 ,11111 11511 11111 11111 1111 v. 15 ,11111 ,1111 ,1111 ,111111 ,11 ,111
,11111,1”1,1111,1ῑ1 ,15 ,15 ,11 11 ,111 111 111111 11111 111 11111 ,111 11111 v. 15 ,11115 11111111 11111511
1511111111111111 v. 1⁶ ,1111 ,1111 ,11 ,11 ,15 ,15 ,11 ,111 ,111 ,11 ,1 111515111111111. 15 ,1111 ,111
,11111151111111-111111111 11111111111111,111111 ,111 ,11 ,11 ,15 ,15 ,11 ,11 ,111 ,111 ,11 ,11 ,Π 11111
,111 ,111 ,11 ,111 ,1 11111111151111111111111111. 10 ,11111 ,1111 ,111 ,111 ,111 ,11 ,111 ,111 ,15 ,11,111
111111 1111 11111111 11 v. 11 ,11 ,111 ,15 ,15 ,11 ,11 11111111111111111 ,11111 ,1111 ,11 ,111 ,11
11111 11511111 1111111 111 ε11111,1111,1111,111,111 ,111 111 ,11 ,111 ,11 ,11 ,11 ,11 ,111111 1151111111
11 ,1111 1151 11111111 1111111511 ,1111 1111111111 11 ,11111 11111111 11111111, 11111111 111 ,111 ,1 11 ,11111 111111
,15 ,11 ,111 ,111 11,111111111111111111511111,111 ,111 ,11 ,111 ,15 ,15 ,15 ,11 ,11 ,111 ,11 ,11 ,11 ,11
1111 11 ,111 ,111 ,11 ,11 ,111 ,11 ,111 ,11 ,15 ,11 ,11,11 ,11 ,111 ,111 ,11 ,1 11 ,1111111111 ,111 ,15
,11,15 ,15 ,11 11 ,11111 11, ,1111 1111 ,111 ,111 ,1111111115 ,11 ,11 ,111 ,111 11 ,5111111511 111111 11,
,11 ,111 ,11 1111111 1151151111111111. 11 ,11 ,111 ,15 ,15 ,11 ,11 ,111 ,11 ,1 11 ,11111 1111 1111 v. 1⁷

,11 ,11 ,111 ,1 111111111111111111. 18 ,11 m ,1 11 ,1151 11111 ;1’11,1111,111,111 ,15 ,11 ,11 11 ,111111
,11 ,15 ,11,11 1111111111111 115 ,11 ,111 ,11 ,111 11111111511111111111111. 11 ,111 ,15 ,11
,111111111111151111111 ,1111111111,151111111111111 .1·11,11111.11111;111111111 111111
ε11111,1111,1111,1111,111 ,111 ,11 ,111 ,15 ,15 ,11 ,11 ,111 ,11 m 11 ,1111 11111 1111 v. zo ,111 ,111 ,1111

,11111111 11 ,1111 51

100

 

