'Jw wan

j 353 33331

Q? Ψὲῡ ῑῡῒέθ.
3333

3333 333
ww

3333333
3335 3333 333333

33 ,33333 afim&
33333 3333,

3353 533 3333
35333 33333

ιι’ 33333
33333

,33 tw 3353333333
,33 3 ,333 335 3333 3333, 33 333 ,33 ,33 ,3 ,33 ,13 ,33 ,33 ,33 ,3 ,3 mm: *nvn 3333 3 v.⁷
,333 353 333 333 33333 wago! 333 333 ,3 ,τ 3 ,3333 335 333 33333333 xm ,15 ,35 ,35 ,33
,35 ,33 ,33 ,33 3 ,33333 3333, 3 335333 ,33 ,33 ,33 ,3 ,33 ,33 ,,33 ,33 ,τ3 ,33 ,33 ,τ’ 'a' 3· 3
,33 3 ‚nm 3533 33 353 3333, 'm ,35 ,3 ‚n 3 ,333 3533 333 3333 ἰ ,33 ,τ 3333 Q} ’3 ,133
m v.⁷ ,33 ,τ 33333 333 333 ,33 ,33 ,3333 ’3 ’3 3 ,3333 333 333 ,33 ,3 ,33 33 ,33 ,3 ,35
3-3 ,33 33 ,33 ,33 ,3 ,33 ,33 ,3 3 ,num 333 333 mm ,33 ,33 ,35 ,13 ,33 ,τ’ 3 ,3333 333333
33 3333 33 335333 ww} 3 m ,33 ,3 ,33 ,33 ,35 ,33 ,τ’ 3 ,5333 wrm 333 33 m ,353
,3 3 ,3333 :Q 33 v.⁷ ,3333 ,3333 ,33 ,33 ,33 ,35 ,13 ,33 ,33 ,3 ,3η ,τ 3 ,333 333 mu& 33 :⁴1
,33 ,3 abab ,35 ,3 ,33 ,3 ,333 ,3 ,τ 3 ,333 333 nuova ‚awo ,33 ,3 ,35 ,35 ,33 ,τ’ ,3
3 ,333 [a 33 m ,3333333 ,33 ,,33 ,33 ,33 ,3 ,33 fx* ,3 3 ,353 3333 33 v-⁸ ,33 ,3333 ,33
,353 ,ΠΗ ,ΠΙ ,ἲέ ,Ξῶ ,ὣ a: ,72 122 ,Ψ Ab Ῑ3 ,333 3333 wo v.⁸ ,33 ,Ἱῦ ,ῧῆ ,Ἰ5 33 n: ,22 ,Γ ,Γ ,θ’
,3 ,3 ,3333 mm: 3 ιο ,3 ,33 ,33 ,33 ,35 ,33 ,33 ,3 ,3 ,3 3 ,3533 353 335333, 33 m ,33
3 ,333 mum 33 evm ,33 marry ,33 ,3 ,3 ,3 ,3333 ,33 ,33 ab ,35 ,35 ,3 ,3 ,333 ,τ’
,33 ,15 ,35 ,33 3 333 33333333 mm* 3 335333 ,33 ,33 ,33 ,33 33 ,33 ,33 ,,33 ,3 ,33 ,33 ,3 ,τ
333 ΞΠ) ,35 ,33 ,33 n* ,w 3 ,nvn 3533 ,33 3333 333 :ww ,33 ,3333 ,,33 ,13 3 ,333 ,333 33 m
,3333 ’3 ’5 3 ,333 ’33 333 tw 33333 ,33 33 ,33 ,33 ,3 ,35 ,35 ,35 ,33 ,τ’ 3 ,5333 mn ,333
xvv-1⁰ ,33-33333333333,3333353535,33333333,33333 33333333, ,33333333
,353Ἰ A* ,3 ,3 ,τ 3 ,33333 533 3333333 :ww 3333 ,33 ,35 ,1333333333333533 mm
,τ3 ,33 ,w ,3 ,3 ,3 ,τ mm< 3353 3 v. ιο ,33 3 ,333 333 33 5333333331 333333 ,,33 ,33
,33 ,33· ,33 ,3 ,33 ,33 ,33 ,33 ,3 ,35 ,33 ,3 ,3 3 ,33 3333 33 ,33333333 ,,33 ,33 ,35
,333 ,333 ,337 33 v. ιι, ,33 3 ,3333 333 333 3353333 35 ,33,333333333353ζ 33333 :ww
,33 3 ,353353 33333333 333333333,33333333 3 ,333 3333 333 333333 ,35 ,35
33333 233 ,3 ,33 ,3 ,3 3 ,333 33333353 353333 33 v.11 ,333 ,33 ,33 3 ,3333 333 ,33333 v. 11
== ,3333 ,,33 ,33 ,333 ,333 3353331 Ἰ,ΠΕ ,33333333 3 ,33333353355333333 3333

129 9

 

