11111111
1111 1111111
111111 11111
1111111 11111
111111111111111

111111111111
’ 111 11111111
1111111111 111111 111
1111111111
1111111111 11111
111 1111. 1111
1111111111 11111
11111 1111 1111111111 111 ¹
1111111 11111· 1111 1111· 11111
111111 11111111

11111111 111151
1111111111111111 12

11 111111 111
11111111511111 13

1111111 11111111 11111111

J· -:

,1111 ,111 ,111 11 ,11111 ,1111 ,111 ,11 ,111 ,15 ,15 ,15 ,11 ,13 ,11,1111 ,1 11 ,111111 111111, 1111 m
,11,11111 ,11111 11111111 1111 v.⁵ ,111 ,11 ,111 ,1ῠ ,111 ,11 ,13 ,13 ,13 ,111 ,11 ,111 ,11 11 ,1111 1111111111 m
,15 11 ,115111111111111111111-5 ,11111111·111111,·111155,11,115111111 11 ,111 ,111111 ι, ⁵ :10 ,15 ,11
111111 1111111111 ,11,11 ,311 ,15 ,13 ,13 ,11 ,111 ,11111111111111ι5 ,111 ,15
,mm 111111 111 111111 11111111 11111 ,11-1 ,1111 ,111 ,11 11 ,11 ,111 ,111 ,15 ,11 11 ,11111 111
,111 ,111111 11111111111ι1 ,11 ,15 ,15 ,33 ,11 11 ,11111 11111 1111111111, 11111 11111
,111 ,11 ,111 ,11,311131111 ,15 ,15 ,13 ,13 ,111 ,11 ,11 ,11 ,11 ,ΓΙ 111111 111111 ιο ,111 ,1111
,11 ,111 11 ,1111111511 nvn v. ιο ,ww ,1111 ,1111111111 ,7111 ,15 ,13 ,33 11 ,11111 111 ,111 1111 ,11

11 ,11 ,11 ,1111 ,111 ,11 ,11,15 ,15 11111115111111111111 111111 1151 1111 ι. 10 ,11 ,11 ,111 ,111
11 ,11 ,11 ,111 ,11 ,11 ,111 ,b ,15 ,11,11111 ,11 ,,11 ..1 11111 1151111111 11111 11 ι. ιι ,1111111111
11 ,1111111111 ann 1151 1111 1111111111 1111 115 ,11 11 ,11111 1111 1111111111 ,111111 11111 111 ,111 ,111
,11 ,11,11 ,1 m* ,1 ,1 1111111111ιιι ,1111 11111 111 :ww ,11 ,15 ,11,11 ,11 ,11 ,1 ,1
,111 ,111 ,11 ,11 ,111 ,13 ,111 ,11 11 ,1111111111111-11 ,11 ,11 ,311 ,15 ,11 11 ,11111111 ,111 111 ,15
1111 511311 1111 1111 ,11 ,11 11 ,111 11111 511111 1111 115 ,11 ,111 ,1 11 ,1111 111111 511111 sun v. 12
,111 ,15,15,11,11,11111 ,11111 1111111111 1³ ,111 ,111 ,111 11 ,11111511 12 ,111 ,11 ,11111 11 ,111111

150

 

