Ξ
Ξ, Ξ.
aa. 999999 99999, 99 99,, 99999, 9,,9, 9,,9, 9, ., Ξ 99,. 9999, 99 9,, 9, ,9, ,9, 99, ,9, ,9, 9,
,9 Ξ ,9999 9999, 99 ,9, ,9, 99, 99, 99, 99, 9 ., Ξ,,.9,.9,, 9999, 99 9, ,9, ,9, 99, 99, 99, 9Ξ 99,,
9,,,9 9999, 99 ,9, ,9, 99, 9, 99,, 99,, 999999. 9., Ξ ,99999 9999, 99 9, ,,9, 99, ,9, 99, 99, 99, 99,,9,
99, 99, 9, 99, 99,, Ξ, 9,,9, 9,,9, 9., Ξ 99999 999, 99 ,9, 99, 99, 999, 9,,9, 9,,9, ζ Ξ 99999, 999
,9999999 999 999999, 999999, 99 ,9, 99, 999, 99. 9 9 Ξ 9,.99, 9999. 999 999, 99 ,9, 99, 99, 99,, 99, 99,
999, 9,.9, 99999999999999999999, 9,, Ξ 9999, 9999, 99 99, 99, 999, 9,.9, 9,,9, ΞΞ
999999 99,, 99 99, 9.9, 9,, 9,,9, 9., Ξ 99, 9999 9999 99999 99 9,, 9, ,9, ,9, 99, 9, 99, 99, 99, 9,
9Ξ 999. 99999 ,9999 9999, 99 99, 99, 99, 999, 99, 9,,9, 9,,9, 9,,9, 9 ., Ξ 9999 9999, 99 ,9, 99, 999999
99, ,9, 99, 99, 9,,9, 9,,9, 9,,9, E Ξ aff 9999, 99 ,9, ,9, 99, 99, 999 999, 999, 99999, 99 99, 99
9999, 99 ,9, 99, 99, 99, 9 .,, Ξ 9999, 99 ,9, 99, 99, 99,, ,9,, Ξ 999, 99,.99 99999 9999, 99 9, 9 ,9,
99, 99,, 9999999999 99, 9,,9. 9., Ξ 999999 999, 99 99, 999 9,,9,,,,,9, ,9 Ξ mmm?
999 99999 9999, 99 9, 99, ,9, 99, 99, 99,, 99, 9,, 9,,9, 9,,9, 9,,9, 99999999 9, &a 99999, 99 ,9, 99, ,9,
9.,,99 Ξ KQ„ 999, 9999 99999 Ξ 999, 99 9,, ,9, 99,, 9, 99, 99, 999 ,Ξ pff„ 9999 „mx
9,,9, 9,,9, 9,,9, 9,, 99 999999 999 999 9, ,9, ,9, ,9, 99, 999, 99, 99, 99, 99, 99, 999, 99, 9,,9, 9,,9,
3 Ξ 999.. 9999, 99 ,9, 99, 999, 99, 9., Ξ 9999 9999 9999 9999, 99 9, 9, ,9, 99, ,9, 99, 99, 99,
9999 9999, 99 999 9Ξ ff 999, 99 9, ,9, 99, 99,, »,9, 99, 9, 99, 99,, Ξ, 9,,9, 9,, 9,,9, 9,,9, 999,

9., Ξ aa 9999, 999999 99999, 99 99, ,9, 9, 99, 99,, 9,9, 9,, 9,,9, 9,,9, 9,,99 99999999 mm& 99,

ᾖ, ,,Γκηπ ἓ, ἢ, 99

9999, 9999999, 9,,,99

99999 999, 99,
,99999999 99999 mm ,9

,99, 9999, 999999
9999999 99999999

999, 999 99999
9999, 9,,,99 99999

999 ,9999999999 ,999
999 &a 9 999, ,9999

99999, 9999999, 99
99,, 9999999 99999

nsdanmr- ἓξ aa,
999, „ff 999999

520&ss anfi

999 9999,

 

