wbnn
Qffiwffl
mmwa
1111111 1111115111
ssfflfflffloe
wfflfflm&
131115 ΠἹΡΤΠἹΞῚ
wwfflffi
1111311151 11311 v
wwffimwm
mmmm
wwwffi

wwmss 1
Qwffifflffi
ῑ111ἒ> ,11
113111 31313111

’ 1111111111 11111 1111115131 1311 ,11 ,31 ,35 ,13 ,13 ,33 ,311,111111111111»1111111111151111- 1⁷
1111118 ,11111 ,13 11 ,11111 1111111 11111 1111111 ,111115 11111111 1111111 ,33 ,33 ,11 ,111 ,11111113
113 v. ιε ,nn-1 ,33 ,33 1111111111111111111111111 133 ,33 ,13 ,13 ,11 ,1 11 ,11111 111111 ,1111111111
111111 11111 ,111 1111 111 v. ιο ,33 ,13 ,1 111111151111111111151111111 ,11 11 ,11 1 1,,-111
111111 11111, ,1111111110 ,131 ,15 ,13 ,31 ,11 11 ,111111 111311 ,111 11111131 1131133 ,11111 ,11111 11511
,111 ,111 ,11 ,33 ,131 ,15 ,35 ,33 ,31 ,111 ,3 11 ,111131111111111111111111 11111 33315111111311133
,31 ,111 ,1 ,,3 111111111311113111 ,33 ,15 ,13 ,33 ,11 ,13 ,11 ,κ’ ,1 1111111111111111 v. 21 ,1¹³7
1111ῗ1311 ,33 ,33 ,11 11311111111113111111111111131-21 ,11111 111 ,1111 ,311 ,33 ,33 ,15 ,31 ,13
31111111111111111 133 ,33 ,35 ,13 ,33 ,11 ,11111 ,m 115 svn v. 21 ,1 11111111111111111
,111 ,15 ,33 ,33 ,31 ,11 ,13 ,111 ,3 ,3 11 ,11111111111111111111 wo v. 22 ,111 .”·1 ,11 ,111 11 ,5151 &VS
,33 ,15 ,111 ,111111 11133 1111 11111111 11111111 233 ,1311 ,111111 111111 111 111111 11111311 11111111 ε”3
313 ,31 113111111111111111111111111111 133 ,11 ,11 ,31 ,τ 11111111111111111111111 wo v. 22
,15 ,15 ,35 ,13 ,13 ,33 ,33 ,111 ,11 ,11 ,11 ,3311111111 4111 11,111111111111111111111311111
,3 ,13 ,111 ,11 ,1 11 ,151 ,11111111 1111 ,111 ,1111 ,111 ,111 111 ,111 ,11 ,13 ,11 ,31 ,13 ,33
,13 ,13 11,.111111511ι1111·1511’11 :70 ,11 ,1 11 ,11111 ,15111 111 ,ww ,⁸¹¹1 ,311 ,311 ,33 ,131 ,13
1151 wrm mm W 11 v. 2³ ,1111 ,111 ,1 11 ,51111 11511 1111111 111 v· 2³ ,111 ,111111 ,111 ,311 ,13
,1111111111 ,13 111111111111111151 ,111 11111151 ,111 11111 ,111 ,11 ,31 ,13 ,33 ,31 ,3 ,311111
,13 ,33 ,15 ,15 ,35 ,13 ,31 ,11 ,13 ,11 ,111 ,111,11115111111111111111111111-51 mm 11111 ,111

,113 ,11 ,111 ,111 ,1111 ,,33 ,311 ,33 ,13 ,15 ,13 ,13 ,11 ,111 ,3 11 ,1151 1131111 1131 11111 ,11133 ,311 ,33

,11 ,111 ,3 1111111111 1111111111 v· ι ,1111311111 ,311 ,15 ,111 11 ,1111 111 111 11111- 1 ,ΠΒ
’.11111111111111 ε111111111,1’1 ,111 ,33 ,15 ,35 ,13 ,33 ,33

64

 

