11111κἾ ἾΞΕ
11111
‘'vua-*t 1111111111
1111111111 111111-51·
1111 11111051·
1111111
111111 11511 1111111151 11111111
11111111 111

1111111111
ἾΞἼῆ- ΠἹΠΪ ᾞἾΠ
wmmw
ww&
fflwwmffl
tmwffiwww
13 1111511111151
11111
,15 ,11 ,11 ,1 1111111,1111111111Ζ 11111113 wo v. s ,111 ,1111111111 ,15 ,15 ,1111 ,1111 1111111· ,111 ,ιε
-511 ,1111 1111111111,1111111111 ,111 ,11 ,15 ,15 ,11 ,11 'x' 11 ,1111 11111153 1111 m ,11 ,11
1511 ,1111 51· 11111 v. 1 ,111 ,11 ,15 ,15 ,11 ,11 11 ,11111111111111111 ,11 ,11 ,11 11 ,111111 1111131
111 ,11 ,11 11 ,11111111-5111111111 1111111111 ,11-1 ,11,111 ,15 ,15 ,11 ,1111 ,11111 11511 ,1111 1111 ,11111
,1 11 ,111111 111111, 1111 m ,111 ,111 ,11 ,11 ,1 ,11,11 ,1 ,1111 ,11111 1511 111111 11111111 1115111111
,11 ,11-1 ,11 ,11 ,1 11 ,11111 11111111 1111 11 .11”11,1111,1’11,1111,11 ,15 ,15 ,11 ,11 ,11 ,11 ,11 ,11 ,11
,11111111 ε1111,111,1111111111 ,11 ,1 ,15 ,15 ,11 ,11 ,11 ,τ’ ,11 ,w 111111 1111111111111. 11
1³ v. 11 ,15 ,11 ,1 ,1 ,,-1 11 ,111111 ,11111 11111 11111 ,1111 ,111 ,111 ,111 ,11 ,11 ,11 ,11 ,11 11 ,111111
,111,11,111,11,11,111,111 ,11 ,11 ,15 ,15 ,15 ,11 ,11,11 ,11 ,11 ,11 ,11 ,111 ,1 ,1 ,1511 111111
11111 111111 111111 11111 ,1111 ,1111 ,1111 ,117 ,11 ,11 ,1 1111111111 11 ε111 ,1111 ,1111 ,111 ,111 ,11-1
111 ,111 ,11 ,11 ,11 11111111151111111 11111111·111·11 111 v. 12 ,11 ,15 ,11 ,11 11 ,11111 11111
,15 ,11 ,11 ,11 ,11 ,111 11 ,11111 11511 ,1111 11111111 v· 12 ,11 ,11 ,11 ,11 11 ,11111 111111 1111111111 11111
11111111111111,111,1”11,11,111 ,11 11 ,1111 ,1511 111111 1111111 111 ,11 11 ,115111111111111 ’1 ,1111 ,11
,1 ,1 1115111 5111511 1111151511113 ,1111,111111111111111111,111,111,11511 11311, 1111 111 11 ,111511 1111
,1515111 1111 ,1111 111 1111 ,111 ,111 ,11 ,11 ,11 ,111 ,111 ,11 ,15 ,15 ,11 ,11 ,111 ,11 ,1111111
,1111 ,115 ,15111511 1111111151511 115 ,11 ,111 ,1 11 ,11111 11515 ’1 11111 1’1 11111 511 111111
’,1 11 ,11515 1151111111 115 111111 11111111 1111111111 ,11111 11111 11111,11-1111111111,11111 ,15 ,11 ,11
1111115 11111111 11111 111 ,11 ,11 ,11 ,1 11 ,11111 1111111115 11111111 11 v. 1³ ,111 ,1111 ,1111 ,11111111
111111 ,11131111 wo v. 1³ ,111 11 ,111111 111 1111115 11111111 1111 111111,1111,1111,11,11 11111111111111
,111 ,111 11 ,111111 1111 111111 ,11·,1ξ 11111 11111 11111 ,111 ,11 ,11 ,11 ,11 ,1 ,15 ,15 ,11 ,11 ,1111115
,11 ,15 ,15 ,11 ,11 ,11 ,11 ,11 ,1 11 ,11111111111111 1³ ,11 111111111111111111111111111 1111111111
,11-1 ,11 ,15 ,11 ,11 ,11 ,1 ,1 11 ,11111 11111. ιε
111

 

