99
,9, 99, 99, 99, 999, 99, 99, 99, ,99, 9,,9, 9,,,9., 9,,9,

m ,, 999 ,99999 999, 99 9, ,99, ,9, 99, 99, 99, 99,, 9,,9, 9,,9, 9,,9, 9,,9, 9 ,999 R& 9.,999 99999, 99 99,
99999, 99 9, ,99, 99, 9, 9999, 9.,9, 9,,,9 9999999.. 9999 99,,,9 9999, 99 99, ,9, ,9, 99, 99,, »,9, 99.
99,9,,9,9,,,,9,,,9,9,,9.,9,,,9,9,,,9999999999 9999, 99 9, 9, 99, 99, 99, 99, 99, 999, ,99, 9,,9, 9., 999 &ff
9,,9, 9.,,,, 9.,,9, {c ..99, 9,,9, 9.,,9 9,, 99 ,999999 999 99999 ,9, ,9, 99, ,9, ,9, 99, 99, »,9, 9, 99,
99 999, 99 9, ,,9, ,9, 99, 99. 9., 9,, 9999, 99,, ,,9, 99 9, 9, 99, ,9, 9,, 99, 9, 99, 99,, 9999, ,,9,
9,,,999 9999 {ff 999 ,,9, 99 ,9, 99, 999, ,,999 affl 999, 99, 99 99, ,9, 99,, 9,,9, 9,. 9., 99
9,, 99 ,9999999999 9999, 99 9., 9, ,99 9999 99999 9999, 999999 99999, 99 99, ,9, 99, 99, 9,,9, 9,,9, 9,,9,
999. n. 9., 99 &staff 999 99999, 99 9, 99,,9, 99, 999, fi. 9.,,99999999999999999999999.
99 ,9, ,9, ,9, 99, 99, 9,,9. 9, 999 999999, 999, 99 ,9,, 99, ,9, 99, 9, 9, 99, 99, 999, g. 9,,9,
999 99,.99. 9999, 99999 9999, 99 9, ,9, 99, 99, 999, 9999, 99,, 9,,,9 9,,,99, 99. 9., 999 9999999999,
99999 9999 9999 9, 99, 999, 99, 99, 99, 99, 9,, 9,,9, 9,,,9 999 „a 9999, 99 ,99, ,9, 99, 9, 99, 9,,99
9,,9, 9.,,, 9,,9, 9.,,9, 99. 99 ., 9999 99, 99 9, ,,9, ,9, 99, ,9, ,9, 9, 99, 9, 99, 99, 9,,9. 9 ., 99 ,999
99, 99 ,9, 99, 99, 99, 9,,9, 9,,9, 9,, 9,.99 9999 ,9999 99999, 99 9, ,99, ,9,, 99, 99, 99, 99, 9, 999, 9.,99,
9, 9999999999 fi 99 99, ,.,,,. 9,, ., 999 99 999 9999, 99 99, 99,, 99, 99, 9,,9, 9,. 9, ,, 999 ,9999
9999, 99 ,,9, 99, 99, 9.,9, 9.,,,. ,9 ., 99 ,9999999999 9999 9999999, 99 ,9, 99, ,9, 999, 9,,9, 9.,,9 9,,9, 9,,99,
99 9, ,9, 99, ,9, 99, 99, 999, 99, 99, 99, 9.,9, 9.,9, 9.,,, 9,,,9, 9,,9, 9,,99. 9 .,, 999 ,9999999 ,9,, 999, 9999 99999
99 ., 99 &aff 999 9999, 9999, 99 9, 9, ,9,, ,99, ,9, 99, 99, 9.,9, 9.,,, 9,,9, 9,,,.,. 9 ,,, 999 ..9999 99999,

&ww RE„

9999999999999
9999, 9999999999.
„aaa ,9ωὲ
9999999999, 99999
,999999 ,99 9 99999, 999999
ἓξὲξ
999999 9999 fix
ῈἩΗΡᾏΞᾭΜ ,
,99999 99,, a&
9999 999999 9 99999,
999999, 99999 9,.99 ,
9999999, 99 {a
,9 999 9 999999 9999,
9999999999 ,
9, 9999,,9999,9,.99,,9
9999999 9999999999 ,, ,,

9 9999 99 99999

 

