ww<
333533 3333 3333
333 ¹333 3533
3337 3¹3¹· 53 333· ¹3
,3333 333333, 3333 3¹3
3333333 3333333
3333 33333 3333'333
333-333 333 333
3333 3⁰33 3333335 3 333
3333333333 3333
333·Ἶῖ 333 3³3 ⁸:3¹
3333. 333 33333
333333 333 ,33
¹ 3333 3333 333 03333
33¹3¹ ¹33 3 33333 333 3

,33 ,33 ,3 33 ,3333 3533 3333 3 33 32 ,35 ,35 ,33 ,33 ,33 33 ,33333 3533 3333 3333 3¹3 ν. 3 ,33
,33 ,3 3333 353 333333 3333 3¹33 33 ν.3 ,333 ,3333 ,33 ,33 ,333 33 333 3333 33333 ,333333 3¹3 32 ,3337
3¹33 3333333333 33 3333333333333 3333533333533333 33333 ,3,333333 333 33
,33 ,33 ,333 33333 35 3333533333 ,3333 3 33 ,333 ,33 ,33 ,33 ,33 ,333 3333533333333353 ’33
33333 33333ν3 35 33 3¹3 ,33333335333333335 3333 3333533333 :3¹¹n333
,333333 :3¹¹3 ,3333 ,33333 ,3333 ,333 ,333 ,33 ,33 ,33 ,33 ,33 ,33 ,33 ,33 ,33 ,3 ,3 ,3 333 333333 ,33333 3533
,33 ,33 ,33 ,33 ,333 33 ,3333333 3333333 333 3533 ,3333 333 3¹3 3,·333 ,33 ,35 33 3333 3¹¹333 3333 ¹333
,33 ,33 33 3333 3533 3333 ¹33 3¹3 3³ ,33333 ,333 33 ,333 33333333 3333 333 33333 2¹¹3 ,333 ,33 ,35 ,35
33333 33 3³ ,33 ,3333 3333 3333333333 33333 ,33333 ,33333 ,333 ,3333 ,3333 ,333 ,33 ,33 ,3 ,35 ,35 ,33 ,33
33 ,3333 333333 333333 3333 3¹3 3³ ,33333 ,33333 3333 33 3333 3333 33 33 33 33333 333333 ¹¹3 3333 533
3¹33 ν.3 ,33 ,333 ,33 ,33 ,33 ,33 ,3 33 ,33333 33 3¹3 34 3¹¹3 ,3333 ,33333 ,33 ,33 ,33 ,33 ,33 ,33-,333 ,3
3333 3333 ¹3¹ 333 33 3353 ,3333 333 ,33 ,3353 3333 33333333 33 34 ,33353535,3333333333 333 333 333
,35 ,33 ,3 33 ,333 ¹33 ¹333 3¹33 333 ¹333 3333 3333 3⁴ ,33333 3¹5 3¹33 33333 3333333 3333 3333 533 533
,3333 3333 ,33333 3533 3333 3353 3¹3 v. ⁴ ,3333 3¹3 ,33333 ,3333 ,35 ,33,333 33 ,333 ’333 3333 33333 :3¹33 ,333 ,3333
,33 33 ,3333 335333, 3¹3 ν. 5 ,35 ,35 ,33 ,33 33 ,3333 3333 3333 3¹33 3¹33 33 ,35 ,33 ,33 ,333 ,3 33
,333333π333333333333ᾚ33Ἢ33333
3333 3¹3 :3¹¹3 33 ,33 353 333333 ¹33 333 3333 33 33 33 33333 333333 33333 333 3335333 3333 3¹33 ,3333333
33 33 33 33333 33333 353 3335333 ,33333 333 ,33333 ,333 ,333 ,3 ,35 ,33 ,33 ,33 ,333- 33 ,33 3333 ¹33
333333333333ν3 3¹3 ,3,33 ¹33 ,33 333, 333 333 33333333 333 33 33333 33333 33 35 3333'3
,35 ,35 33 33 3333 3333 3333 3333333 ..3¹.¹33¹¹3 ,333 ,333 ,333 ,33 ,33 3¹ 33 ,3333 3333 3333
,3,,33333333 33 35 35 ,33 ,33 ,333 ,333 3333333333 3333,33333333333 35333 r>
33333 ,3335 333333333333333 ⁷
4¹2

 

