,9

,,,9 ,,,, 9 9, 9,, ,9, 9, 9,, 9,,, 9, nr.
,,,,,9 9,,, ,,, 99 ,Ξ 9,,9, 2 9, ,,,, 99, 9,, 99, 9,,, 9,,, ,,,9 ,9,. ,,,, 99,, 99,, Π, Q. ,,, 99
,,,, ,, 9, ,,,, &52323123ss ,,,,999,
, . 9999999999,9999999, ,, , ,,, {a}
9999, ,9,,9 999 9,,, ,9, ,9, 99, 9,, ,,,, 9, 99 ,, ,,,, ,,,, 9,,,
,,,,, ., ,m ,,, , ,,,99999999,,,,,,,,99999,,,9,9,9,9,,9,9,,,,9999999999
9,, 9, 9,, ,,, ,,,, ,,,, 9,,, ,,,9 ,,9, ,, 9,,, 9,,,9 999 9999 a ,,, 99, mh. 9,.9, ,,,, 99 99,, 9
fi„ 999, ,9,, 999, ,,,, fia 9,,,9 99, ,,, 99 ff 9,,,9 99,, 99,, a ,,,, 9, ,9, ,,, ,9, 99,
99, ,99 ,99, 9,,, 999 99,, 9 ,,,, 9,, 99,. 9,, 9,, ,9, ,,, ,,9, ,,,, ,,,,, ,,,,,, ,,9, ,,,, 9 ,9,, 999
9,,, 9, 9,,, ,99 a} „ma 9 9, ,,,, 9,, ,9, 99, 9, 99 9,,, ,,,,9. ,,, 99 ,,,,,9 999, 9 ,,, 99,
,,,, 99 99999 99,, 9 ,9, ,,, ,,, 99, 9,,, ,,9, ,99 mas& 99,,9, 9 99, 99, 9,,, ,,9, ,,, ff}
99, ,,9, ,,,9 ,999 ,,,, 9,,, 9,,, 9 99999, 9,,, ,,, 99 ,99, 999, 9, ,,, ,,, 9,, 9,, 99, 9,,, g...
„Ex {fin-{55 Ξῖ, 999 {a 9,,,9 ,,, ,,9,,999,,,,,,.,,,,,,,9,
99999, 9, ,9, ,,, 99, ,,,, 9,,, ,,9, ,,,,,9 ,,,,,, ,,,,9, ,,, 99 99. a? 3 99,, 2 ,,,, ,, ,,,, 9,, 9,,,,9,
9, 9, ,9, ,9, 9,, ,,,, ,9, Β, 9, 99, 9,,, 9,,, 99, ,,9, 9,,, 9,,, ,,,9 ,,,,,, ,,9, ,,, 99 {a 99,,,9
999 9,,9, 9, ,,, ,,, 99, 9,, 99, ,,9, ,,,, 9,,, ,,,,,9 ,99 9,,, 9999, 9 ,9, ,9, 9, 9,,, 9,,, ,,,, 99 ,,,9 ,,9,
99,, 99,, 9 ,9, 99, 99, 9,,, ,,,. ,,, 99 Er- 999999, Π, 99, 9,,, 9,,, ,,9, ,,, 99 ,9,, 99,,
,,, 99 ,9,, 999 ,9,,9 9,,9, a 9, ,9, 99, 9,, 9,, 9, 99, 9,, ,99999 9,,, 9,,, ..,9, n. , ., 99

,ωὲ 99,ηᾶ ᾖ,
,,,. fip- 9999
99999999 {ff
99,, 999,
ff? ,,,, ,99999
9,.9,9,,,,,,,,,,9,9,,,,999,,9
,,,,,9 ,9,, 9,,,9 99,,
a} 3ssss
99, aas„ , 99,,,9
,,9, ,99, 99999
99 99,, ,9,,9 9,,99
,9,, {f 99 {a
9,.9, m& 99,,,9
99,, 99999 99999
999, mk? 999999
999, ff?
,,,ητῃξ ,,,,-,Ε mmm} ,

999 ,,99, w ,,,,ι, Ξ

 

