wwwo

111111115111111
11111111 1111111111,

1111111111· 15111,
³³³⁸*ss ³3:³12 51113

1111111111 xxj-1231
1115111111,

111111 1111 111111 11111.
1111 5111115 11111111.

ε111111111ξ 1111111
11111111 1111111111,

51151 111111 11111
1111111 1111111111

1111111111 1111111111
111111111111111

5151111 1115 5511

115 11115 11111
15111111 ’1111

111 11113 11111.
5111111111

11111111 1111.
511511 1111111

1111111131111555 ,111 ,111 ,1111 ,311 ,33 ,111 ,11 ,13 ,33 ,111 ,11 ,11 ,11 ,1 1111111113111111153
1111 551 ,11111 ,111 ,111 ,13 ,13 ,111 ,111 ,111 ,1 11 ,11111 111111 1111111 1111111111 v. 55 ,111 ,111 ,1311111111
,11 ,11 11 ,11111 111111 51111 111 v. 55 ,1111 ,111 ,111 ,1111 ,33 ,15 ,13 ,13 ,111 ,11 ,111 ,1 11 ,111111 1111 ,11
,111 ,1111111111111111151 ,13 ,15 ,13 ,13 ,1111 ,1111 111111, wo v. 55 ‚ww ,33 ,313 ,11 ,15 ,13
,ύ11ω11ωωῃω1πἫπωψψψψπωῦὺύῦπω1

,111 ,11115 ,15 ,13 ,111 ,111 ,11 ,1 11111111111511511551 ,1111111111111115111 313 ,311 ,15 ,

,111111 1111111111 we v. ⁵⁸ ,111 ,33,311 ,15 ,15 ,11 ,111 ,11 11,111111111111111”1ν.51 ,1111111111111
,1111,111111111111111111111111 31133,1111111111111111111111111 133 ,15 ,75 ,13 ,11 ,κ’ 11
,111 ,15 ,13 ,111 ,111 ,11 ,1 11 ,1111111111111111111 111311 ,15 ,·13 ,11 1111111111111111111111 :³⁶7
,111111 ,311 ,111 ,13 ,13 ,11111 ,111 ,11 ,1 11 ,11111111111111 mss ab 11 ,111111111111111111 :ww
,1115111111 111111 ’111 ,11111111 tm ,13 ,13 ,113 ,11 1111111111111111551 ,1111111 ,1111111
,111111 1111151111 ⁸¹0 v· 51 ,1111 ,111 ,1111 ,33 ,11 a& ,13 ,111 ,11 ,111 ,111,111111111θ,1“1ἕ11”1ν-1ο ,113

,311 ,13 ,111 'x’ ,1 1111111111111111111111 11111 ,111 ,1111 ,13 ,3311

171

 

