33333
3333 3333333333
3333 3333 333,
3333333333
333 333333
3333333333
33333 33333 333333
3353 3353 0333
3333333333
3333 333333
333333 333333
33333333 333
3333333333
3333333333333-5333
33 3333333
³333 33333333
333 33 333, :3

3333333 3333
³33 333 333, 3
333333 33333

3333 33 3333, 3333 33 v. 23 ,33 ,33 ,33 ,33 ,33 ,33 ,33 ,33 ,35 ,33 ,3 33 ,3333 333³] 3¹0 v· 2⁸
,33 33 3333), 333 333 ,3 3³ 3232 33 3⁵33} 3333333 ο333 ,33 ,33 ,33 ,33 ,33 ,κ’ 1³ 3³0 35:13
732 33333] 33 v. 2⁹ ,3 ,3333 ‘7⁸35 1⁸⁸3 33³3 ,333 ,333 ,333 ,33 ,33 ,,33 ,33 ,33 ,33 ,33 ,3 ,3 ,3 33
,33 ,33 ,33 ,κ’ 1³ ,3133 353 3-3 3333 3323,- 33νΙ ³0 ,33 33 ,333333 ,33 ,35 ,33 ,3 1³ ,33-,3 3333
,33 ,33 ,3 1³ ,333333333533333331 :m ,33 ,33 ,33 1³mmm”ffissfflmmffi ,33 ,35
,33 ,33 ,35 ,33 ,33 ,3 3³ ,3333 ,3133 3333333 333 3333 ,333 ,33 1:3333117333333533v-31
3332 :133 3¹¹0 v. ³2 ,33 ,33 ,,33 ,33 ,3 ,33 ,35 ,33 ,33 ,33 ,33 ,33 ,333 ,3 3³ 353 3333 33 ν. ³1
1³ ,333 353. 31³3 3¹53 333 3333 ,35 ,33 1³ ,333 353 3¹0 v. ³³ ,33 ,33 ,35 ,33 ,3Ἰ 1³ ,33333 33333
3333 3333 33 v. 34 33 ,33 ,33 ,33 ,33 ῑ3 ,,33 1⁸³ 1³⁸ 3¹0: 3³⁴ 33 ,33 ,33 ,33 ,33 ,33 ,33 ,τ
*rm 33:353]sz v. ³⁴ ,33 ,33 ,33 ³³ ,333 33- ‘7:52 3333, 3333 333 33 ,33 ,33 ,3Ὶ ,3 33 ,333 3333
33 333 1333 1⁸33 5331'3133 tw ,33 ,33 ,333 ,35 ,33 ,33 ,33 ,33 ,33 ,33 ,33 ,3 ,3 723
3333333 33 Ῑι ,33333 333 3-3 333 33333333 333 ,33 ,33 333 ,33 ,33 ,33 1³ ,33333 3333
333333 1330? 3⁸0 v. ³4 ,35 ,33 ,33 ῑι ,33333 133333 ηψῃξ 333333 333 23³ 1³ ‚333231231 33 333
,3 33 3333 1³¹3 33¹3 ,33 ῑ3 ,33333 1333 ¹3³ v. ³⁵ ,33 ,33 ,33 ,35 ,33 ,33 ,3 ,3 3: ,3232 3333
,33 ,33 ,35 ,33 ,33 ,33 ,33 ,33 ,33 ,3 33 ,3333 3333 33313333 33 ωε, ,33 ,33 ,3333 ,333353 ‘mmo
33 ,33333 3353 33: ν. ³⁶ ,333 ,33 ,33 ,3 1² ,33333 33133 3333333 333 :3⁸7 3⁰3 ,333 ,333 33 ,33 ,33

,33 ,33 ,33 ,3 ,πὲ ,3 ,3Ἷ ,3 ,3 ,3

74

 

