1144311133
. 41144143 ’4141441441
44 4 14114 ’43144 4141
4114411114
44 v Ι111. 43411411
4111 41314 4131
aa 35111131 1113
ἰ 4111 144 ,11411111
44 · 141414 11411141
1111113314 11114411
44 1114 4111111144,
414 1141413141
44 41111411 41414
’ · 41111411341414
44 ¹ 111 ’11411 41141
1 413145 1411111
44 414 11141311
, ’ 4411431 41114111
11 13131331311111
,, 41411444 1414111 43
44 4114413114
³³ ,14311 13113 ,11111 4131113 113 v. 44 ,13 ,33 ,13 ,15 ,13 ,11 ,13 ,11 11 ,11113 ι11331 ,11411 44 343 v. ³5,
,31 ,13 ,13 ,13 ,13 ,13 ,34 ,14 ,14 ,3,,111131131111444 ,141141 ,141 ,13 ,13 ,31 ,13 ,414 ,3 ,1
,111 ,13 ,33 ,3 ,15 ,15 ,13 ,33 ,13 ,11 ,111 ,1 1³ ,14113 1431 11331 ,13 1141141141 ,111 ,111 ,11

,1”’“1’,”’1 ,11 ,1·’”1 ,1157 ,W ,44 ,33 Ab ,113 45 ,Ἶῦ 12:40* ,13,11 ,ῑῠηἾ 3113 &gg-⁵3 13 v. ³7 ,331 ,111 ,ἸἻ ,1“1
,33111 ’1411 ms ,1441 ,13 ,111 ,33 ,3 ,13 ,13 ,13 ,13 ,11 ,11 ,111 ,111 ,1313 Q ,1431 4111141311

,441 ,11 ,13 ,33 fx* 1³ ,11113 131 φξή ,143 ν, 4⁰ ,111 ,311 ,14111111 ,11113 13 13 ,1153 141 ,13 11
,411133 11111113 v. 41 ,14141 ,141 ,13 ,11 ,33 ,15 ,15 ,15 ,11 ,13 ,κ’ 1113131411ςῇ 113 ν, 4⁰ ,141
,33 ,15 ,13 ,11 ,1 3: ,1313 424444 wo v. 41 ,33 ,13 ,11 13 ,11133 33 14113 1131 4111 ,15 ,33 ,111 1³
13411143 444 ,111441 ,11 ,141 ,13 13 ,11113 1113411 14431 133 ,13 ,33 1³ ,11133 1113411 113 v. 44 ,13
111 143111 111 1111 ,13 ,31 3: ,1113 111411 113 v, 44 ,141 ,141 ,1111 ,111 ,3 ,15 ,13 ,13 ,31313111 ,1311
,13 ,13 ,33 ,1 ,3 ῑ1,1”1’133111343,1,1434.44 ,13 ,15 ,13 ,11 ,1 1³ ,11113131 ,13444 ,1411311113
,41141111 ,13 ,33 111141111141145 ,13 ,3 ,15 11 ,141 1133 1113111 1111131 113 ,11 ,11 ,13
,13 ,13 ,13 ,11 ,11 ,w ,1 y: ,111131143111113313445 ,111 ,13 ,11 ,13 ,11 3,,411111111411 311
,31 ,13 ,15 ,15 ,15 ,33 ,11 13 ,1433113113113311333113 ε1111,11114113,11111 ,111 ,11 ,13
,Π 1: ,1433 »13113 111111 11113 11431 111133 1113331 1311 ,113 13 ,1)33311133113331111133 41111 ,111

..111 ,111 p ,131 1311311111 143113 1113111133 11111331 tw ,13

1411

 

