ὡκ
1111111 13113
11111111111131111
³723* ’,3ῒέ &mr-1³³5&
31131 1111111111
111111 1111 1111111133
1153 11115 1131,
3111311 13111111
1113 5115 15111ξὶ 1111 171
311535 w 111
1113131311
311111 111
1111111111 111
11113131111111111111311
1111111111
3115313111111131 aa
31153 1111111111 2
,311 ,11,33 ,15 ,11 ,1 113113333111313 11111111 ,11 ,111 ,15 ,33 ,31 ,31 11 ,11133113113131
,11311311111133111311 .1311,111311113133111 113111111313113 111 11111 ,1111 ,1111
111 ,111113 1111 1111 ,1313111311 ,1113111111 111 ,111 311 ,111 11 ,111 511 v. ει ,11111111111111111
113 ,13 ,15 1³ ,11133 11113 11111 wa? 1131 111111111111111,11111 ,31131333 pqr} 311 wo 131 ,3
,11111 ,13 ,33,15 ,15 ,33 ,1111311311113313 ,13 ,15 ,11 ,111 ,11111113 ,15111113 13111131
11311111 3111111111 ,11,11 ,w 1³ ,11133 113¹ 1113 134 ,111 ,3 ,13 ,11 ,13 1131131131 11111 ,11
,13 ,33 ,15 ,11,11 111131113111 ,111111 ,13 31 ,13 ,11,13 ,11 ,3 ,1 11 ,11111111
,111111511113-11111131.35 ,1111 ,111 ,1111 ,13 ,15 ,15 ,13 ,13 ,131 ,11 ,13 ,3111111 ,1153 11131313
,,11· ,13 ,15 ,13 ,11 ,111 11 ,1113 51111311, 113 v. 35 ,1111111111 ,13 ,13 ,33 ,15 ,13 ,33 ,11 ,111 ,311
11111111111111 1111 ,33 ,15 ,33 ,13 ,31 1³ ,111 13131 11311 113 v. ³0 ,1111 ,111 ,1111 ,11111111
313 mo ,13 ,11 J: ,1113 3311 11111311 113 ,15 Ῑ1 ,131331111133111111131 11111 ,111 ,111 ,3 ,13 ,1 ῑ1
,1111 ,13 ,15131 ,13 ,31 ,13 ,1 11 ,1131333 1113 131 ,,1111,11111111,1111111133 ,33 11 ,11331 311511
11 ,153111133131 ,111 ,15 ,11 ,11, ,1 11 ,1331115111 131311, ww 136 ,11111111111111133 51 mm

,111 ,13 ,31 ,13,31111133111111111311 1111 ,11111131 ,1111111311 ,1111111 ,3 ,15 ,3 ,13 ,31 ,11 ,1
,33 ,11,11 11311311131111113111 ,1131 ,111 ,111 ,13 ,11 ,15 ,13 ,13 ,31 ,11 ,31 11 ,113 11113131

1113131 ,1111 ,111 ,11 ,111 ,111 ,13 ,15 ,13 ,13 ,13 ,11 ,133,1153111311311111111131 113 ,15 ,15 ,13
,15 ,13 ,13 ,1111333 113 31 xm v·1 0100 ,11111111 ,1111 ,13 ,31 ,13 ,31 ,3 111311311313115

311313 11131 3111 ,15,1513333111 ,1113 3111313331] ,11111111111111,111111,111 ,11 ,13,13
3: ,1113 1113311113 ε3111 ,1111 ,1111 ,311 3 ,311311111111113311113111 ,11111111,3311113111

,11 ,13 ,33 ,15 11 ,11133 11133111 ,131 1111 ,13 ,15 ,13 ,33 ,11 ,11111
140

 

