„3337 81 1-11
1111111111 5151 ,11111111
nfflwffiv

A:

111111 3

fflfflffiwse
ww]
fflwfflss
ffiwfflfflae
ww&
wawz w
zwww
3mfflffifflffi n
wwffiffi

’1113111111 111. ⁶ ,11 ,13 ,11 ,11 1151135111 111 ,311 ,15 ,13 ,11 ,11 ,11 11131151111111
,1 13 ,111113 115 111111111115111131 11111313 113111 1111111 ἸΙ3 11111 53311113 151 11111 1111 1111111
,1111111 11111 11113111 11 11151311 ,111 11 ,3113311111 1111111111 11131111] 1111 1111 ,111 ,111 ,13 ,13 ,111
1111111111 ,11,15 ,33 ,11 11 ,111113 111111 ’11111 1111 11 v. ⁷ ,11 ,13 ,15 ,15 ,131 ,111 ,11 ,11 11
,111 ,111 ,33 ,1113 ,11131 1111 11111111 111 13 ,11111 1111 1511111111 115 ,15 ,15 ,13 ,13 13 ,11111
,111 ,111 ,15 ,11 ,11 ,1 ,1 11113 111311 111511 13 v· s ,31,15 ,15 ,13 ,11 ,11 1313111151111 ,1111
1111 11111 ,13 ,31 ,11 ,1 ,15 ,11,11 13 ,111 1531111311 111111 1115111111 111 1111 ,111 ,111 ,11 ,11
1111 1113 ,311 ,15 ,13 ,33 ,11 13 ,11311111111311 111511 1151 1131 1111 13 ,1111 111 1311513 11135
1111 1111 111 ,1113113131111131311 1111511 1111 1111 111 13 ,1131 1531111311 11111 111511· 1155
311 ,15 ,15 ,13 ,11 ,11 13 ,113113 1115111111 ,111 ,111 ,13 ,111 13 ,1131 1531111311 13113 111511
,13 ,13 ,111 ,11 ,11 ,11 13111113 1111111. s ,1111 ,111 ,111 ,111 ,3’1 ,111 ,313 13 ,11111 111511 1111
111 11 1113 ,15 ,15 ,15 ,13 ,13 ,33 ,1111111111111111111 ,111 ,11 ,111 ,13 ,113 ,1 ,15 ,15
’111111 111 1311311111111111111 11111 ,111 ,11 ,111 ,11 ,31 ,113 ,111 ,311 ,11 ,13 ,111 ,11 13 ,1131
1111 ,11 ,15 ,13 ,13 ,111 ,111 ,1 13 ,1111111 1111 ,1111111 ,11111 ,,11 ,111 ,11 13 ,11111 1131
,33 ,11 13 ,11311131 1111111 1111,1111,1”1,1’1,1”1,1’1 ,111 ,311 ,15 ,15 ,13 ,11 ,11 13 ,11113 1111
111 1111 ,111 ,111 ,111 ,11 ,31 ,113 ,31 ,13 ,15 ,15 ,11 ,11 11111531111113111311111 ..111 ,13
15111111531111111111 11111 ,111 ,111 ,13 ,13 ,111 ,111 ,1 13 ,1113 1111 1111 151131 111111
,313 ,11 ,13 ,33 :a ,1 13 ,1511 1111 111 11 ,111 ,11,11 ,111 ,,111 ,113 ,15 ,13 ,33 ,11 ,11 ,1 13 ,3111
,11,311 ,,111 ,11 ,311 ,15 ,15 ,13 ,13 ,111 ,11 13 ,1111311111111 ,111131111315111511111 11ΰ
,11 ,313 ,15 ,13 ,13 ,13 ,11 ,11 1111111113 1111113 11 ,13 13 ,1511111111 11111 ,111 ,111 ,11
1111 ,111 ,11,11 ,11 13.111111111111113111’1ν.1 ,111 ,1ῠ ,13 ,15 ,13 ,111 ,11 ,11 13 ,1111111111
11111111111111 ,111,1111111111,1111 ,111 ,11 m ,15 ,15 ,13 ,11 ,11 ,1 13 ,1311 11111, 111
11 ,11 ,,11-..111111,11111,1111,11,111 ,,11 ,11,31 ,111 ,15 ,15 ,15 ,13 ,31 ,11 ,1111113
111 ,111 ,15 ,111 13 ,11111 1511111131 1111, 1111ξ 113 v. 11 ,111 ,13 ,13 ,111 ,11 ,,’1 13 ,135 1111131111 1
111 ,15 ,33 13 ,111 15111 111113 111 ,13 ,11 ,11 13 ,1311 1511 111 v. 11 ,15 111511, ι 1511111 y
,11 13 ,1111 1,,11 111- 11 ,311 ,15 ,11 13 ,11111 1511 ,111131 1111 ,11 .1’1 13 ,13111 111 1511 1111111
,111 ’1 ,11111 1111 113 ,11 ,1 11 ,11111111 11 v.11 ,111 ,111 ,111 11 ,1111 511 1111 ,15 ,13

188

 

