w‘mn
wama
fflffl‘
nmmfflmw
Qwfflfflmss
wwwmw
wfflfflfflffl
{wwmwmffi
nwfflfflmffi
mwwfffflwffl
fflfflwwmwffi
Sfflwm}
1111511111 1111
ffiffiwssffi
ww&
11111111 111
ffiffiwffi 5

1111111 11 ,1111115119 ,1111111111 ,111 ,11 ,11 ,111 ,11 ,w ,1 ,1 11,1111111111111111111111
,11 ,111 ,11,111 ,15 ,11 fn: ,111 ,11 ,111 ,11 ,1111111111111111111 1111111 11 v. ιο ,1111151111
1111 1111 wo v. ιο ‚ww ,111 ,111 ,111 ,111 ,11 ,11 ,11 ,1 11 ,1111 11511 1111111111 11111111 ,111 ,11
,15 ,111 ,111 ,111 ,111111 ,1111111111 v· 11 ‚w 11 ,1111111111111111111 tw ,111 ,111 ,15 ,15 a: 1111111
11111 1111111111,21111,11,15,11,11,1111115111111111111111 ,1111111511 :W
,11 ,11 ,111 ,111 ,15 ,11 ,11 ,11 ,1 ,1 ,τ 11 ,11-11111111. 11 ,11 ,111 ,15 ,11 11 ,115 1111111
,11111111151111111 ,11 ,111 ,11,111 ,111 ,111 ,111 ,11 ,1 11 ,1111 111111 wo v. 11 ,111111
111 v.1 ,1111111 ,111 ,111 ,111 ,11 ,31 ,111 ,11 111111111111111511111111 21¹7 ,15 ,13 ,11 ,11 ,ww 11
1111111111 11115 ’111115111111111111111511νν-ι,1 ,1111111111 ,111 ,,11 11 ,1111 5111111
1111111 1111 :rw-1 ,111 ,,11 ,111 ,111 ,111111 ,115 11111 1111111 wo v.2 ,1 ,1111111111 11 ,11111
11 v.2 ,11 ,13 ,11 ,11 ,111 ,11,,1 11 ,111111 wo v.2 ,11 ,10 ,111 ,15 ,121 ,11 ,11 ,111 ,11 11 ,111111
,11 ,11· 11 ,11111 1111 5111111 1111 ,15 ,111 ,1 11 ,115 11111 511τ 111 1111 11511111 1115 11111511
,111 11 ,111 11511 11111 ,111111 1111111511 111111 111111 ν. 2 ,111 ,111 ,111 ,11 ,111 ,111 ,1ο ,15 ,15 ,11
’15111111111-5111”1ν.1 ,1ῡ ,111 ,15 ,11 11,1111111111,11”1ν.1 ,11 ,1·1 ,1ῦ ,111 ,11 ,13 ,33 ,11
151 wo m ,111 ,15 ,11 ,3311 ,11111 ’,11-513111 :ww ,111 ,111 ,11 ,11,11115 ,13 ,11 1111111
111111131114 ,1111 ,11 ,11 11 ,11111151111111111111114 ‚70 ,111 ,15 ,15 ,111 ,11 ,11 ,111 111111
ww .1·’1,1”’1,111,11,11,11111511111 ,1111111111111111111Ῐ1Ῐψῡ 1111151111 1115
11 v.⁵ ,111111111111 ,1111 1511 1111 1151 111111 1111 ,111 ,111 ,111 ,15,111111111111 ,1111 ,151
,111111111115111111 ww 11 ’11 111111 1111 us 111511 51511 w 11111 111111 ’5111
1115151111 tw ,11,15 ,15 ,11 ,1 11115 51511 ’5111 11 1111 ,111 ,11 ,1111 ,1111115111Α ’11 ,111 ,111 ,15
15115 111111 11111 ,11 11 ,115 11111 ’511 1111111 :7⁰³7 ,111 ,11 ,11 ,111 ,11 ,111 ,11 11 ,111111 111511
,1111511111111111111111,1111311,11,1111111111151151,111 1111 ,1111 11 ,111111111111

108

 

