33533

5 3553 3353 ww, 3 ι tw.
353 3533 33

3333353 33ῑ3ξ
ww 33535

33535 3333353
3533353333

3333333, 333 &ww-ww
353 355 3 ’5 353

33335 3303533335
3333 3333 3533

wwffim
333 5353 353

3353 3533 ⁵

,3 ,33 ,35 ,35 ,33 ,33 33 ,3333 ,353 3333 33333 ’3 3333 333333 33 3333 333 33333 3333 3333 33 3. ⁶
nwww wnwnww ww ww 33 ,33333 33333333 wo 333 ,33 ,3 ,33 ,33 ,33 ,3 33 ,33333 -3333 ww ,www ,35
ww v. 3 ‚ww ,33333 ,3 33 33333 -3333 ww ww ww ,33 ,33 ,33 ,33 ,33 ,3 33 ,333 353 3333 33333 13
ww ww ww ww 33 ,33 33 ,33333 ,33 33 ww ww ww ww ,33 ,33 ,33 ,33 33 ,333 353 3353 ’5
33 ,3333 ’35333 3 33 33 3333 33333 ww 3333 533 333 353 3353 33 33 ,33 3 3533 333· 333533
,35 ,33 ,33 ,33 ,3 ,35 ,35 ,33 ,33 ,33 33 ,333 3533 33333 335333 333 :ww ww ,33 ,33 ,33 ,33
,33 ,3 ,35 ,33 ,33 ,33 ,33 w ,33· ,3 ,3 3333 33533 3333 333 33333 333 353 3333 33 ,3 33333 33
,,33 ,33 ,33 ,35 ,35 ,33 ,33 ,333 ,33 ,3 33 ,333333 33533 333 wo :ww ww ,333 ww ,33 ,33 ,33 ,33
,333 3533 333 333533 ww ww ww ww ,33 ww ,33 ,33 33 ,3353 wo 33 ,333 ww ww ww ,33 ,33
33333333 33 ww v.1 ,33 ,33 ,33 ,33 ,3 33 ,33333 333 89 333333 ³⁷ 33333333 33 08³⁷
,35 33 ,3333 333333 3333 33 ww xww ww ,,33 ,33 33 ,333 3333 ,333ζ 33 333 333 ,33 ,3333 ,333
,33 ,33 ,33 ,33 33 333 3533 wo v.2 ,33 ,33 ,33 ,33 33 ,3333 3333 333333 ww :ww ww ,33 ,33 ,3
ww ww ww ,3333 ww ’3533 ww zww ww ww ,3 ,33 ,3333 33 ,3333 3533 ww 333 ,35
,333 3533 ,33333 333333 353 333 wo 33 ww ww ,33 ,33 ,3Ὶ ,3 33 ,333 353 3353 335333 wo v.2
,33 ,33 ,33 ,33 ,3 33 ,333 ι3333 33533 ww: 33 v.2 :ww ww ww ww ,33 ,3 ,35 ,33 ,33 ,33 ,33 33
,33 ,33 ,33 ,33 ,33 33 ,333 3335 ww v.³ ww ,33 ,35 ,τ’ 33 ,5333 333 ‚ij 33 33 ww ww ww ,33
ww ww ww ,33 ,33 ,33 ,35 ,33 ,33 ,3 33 ,333 wc v.³ ww ww ,33 ,33 ,33 w 33 ,5353 335 ww 33
33 ,353 3335 333 3333 ww ww ww ww ,,33 33 ,3333 3335 ww v.³ ,3 w& 3533 333 zwww ww ,33 ,ww
w* w w 33 ,3333 ,3533 3333 ww v.³ ww ww ,33 ,35 ,35 ,33 ,33 ,33 ,33 ,3 33 ,333 335 ww 333
,33 ,33 ,33 33 ,333 333 wo v.³ ,3 335 33533 ww :wn 33 ,33333 3335ε33333335533 333
,33 w w 33 ,3333 33333 ww v.³ ..ww ww ww ww ww ,33 ,33 ,35 ,35 33 ,3333 333 ww 333
,3 33 ,333 353 33353 3353 ww zwwww wwww ,35 ,33 ,3333 ,333 3353 wo 33 ,33 ,33 ,35
,35 ,35 ,3Ὶ 33 ,3333 53333 wo 33 ,33 ,33 ,33 ,33 ,333 ,3333 3333 »333 wo v-4 ,33 ,33 ,33 ,33 ,33
ww ww ,33 ,33 ,,33 ,33 ,35 ,35 ,33 ,33 ,τ’ w w 33 ,333 333 wo 35 ww ww ww 33 ,33 ,33

’ ,ww ww

145

 

