wbnn
111 11111111
1111111 1111 ’11111
,111111 ,11115 1111 v
1111111111515 11111
11111 1111 11111
1111111111
1111 111 11111
1111 11111 111
11111111111111
1111111 11111111
1111 11111 1111111
111111 1111111
111111 1111111
11111111 1511111 11111
111 11110111
1111 1111 ,1111 1

211111 111111. “
111111 1111111111 11

11 ,11111 1111 1111 111111 51111111 1 ,1111 ,1111111111 1111 1311 ,33 ,1111 ,111 11111 wo v. ⁶
131 ,33 11 ,111111111111 131 ,13 ,11 ,1 11 ,111111111111 .1111.111,111,11,11 ,13 ,111 ,11
,3131115 ,15 ,13 ,33 ,1111 ,1111 1111515, wo v.⁷ ,,311 ,31111 1111 1111111111111111111
11111 1111111 1111 ,11 ,11 ,31 ,1111 ,1111111111118 ,1111 ,111 ,13 ,11 ,11 11 ,1111111111 ,111 ν. ε
1111111 ,31 ,31 ,13 ,33 ,11 ,1 11111111111111111111 ,31 ,15 ,33 11 ,111
,13,1111111111115 111 m ,1111511 11511 111 :ww ,111 ,,31 ,111 ,111 ,11 ,11 ,1 11 ,1111
,11111111111111111 ,1111 ,111 ,31 ,31 ,111 ,11 ,15 ,35 ,13 ,13 1115111111111 ,31 ,15
1111111111 -115 111 :m ,33 ,11 ,,311 ,1111 11511 11111 11111 11111 115 ,11 ν, ιο ,31 ,311 ,15 ,13 ,11
,1111 ,151 1111 1111,111,1·’1,11,11,1”1 ,31 ,35 ,33 ,11 1111111 111111 ,11111 11 111. 10 ,13 11
,31 ,3113311111 ,1111 1111 111111 111 v-10 ,111 ,111 ,111 ,111 ,31 ,31 ,1,15 ,35 ,13 ,11
111 ε111,15,111,31,11,111 ,151 11111 11 v. 11 ,31 ,15 ,3513 ,1 11 ,11111 11111 wo v. 10
,111 ,111313 ,13,15 ,33 ,11 ,31 ,11 ,11 ,13 111115111111111111 1111 11511111 11 ν. ιι ,111111 15111
11511111 1111 11111 ,13 ,111 ,111 ,1111111111 >vm 1511111 11511111 wo 1111111 ,,311 ,311 ,131 ,11 ,31
,35 ,33 ,11 11 ,1111511111 1151 1151111 1111 1111 ,11 ,13 ,11Ὶ 11111111111111111111111111
111511 1551 1111 2311 ,311 ,15 ,33 ,1 11 ,1111 1111111111 111511 15511 111 v. 12 ,111 ,111 ,1131 ,15

¹¹ :

,11111511111111 111 v. 1³ ,11 ,15 ,111 fx* 11 ,1111 1111111111 1551 111 313 1111111111 ,1111

1711111111 ,11111111111111-111111 111111111111111111111111111 1111,31,15,13,33,11111
,111111111111111511 ,1111111111 1511111111111. 11 ,111 ,313 ,313 ,15 ,35 ,13 ,33 ,11 ,111 11 ,1111

2..

,11111 ,111111111111115111 11111111 331 ,35 ,3311111 ,1111 1111115111 11111111 3113 ,31 ,15 ,33

,1111111111 ,11 ,15 ,13
311

 

