&w

1133 1 1113131133
13513131

33331 ’11313331
1131313 1111 131113

1113113 131311 snm<
11113311Ζ 311111

13 131-13 33313133 13311
1133333 313351 ,3133311113 ο1311315

13131, 5111ἧὲἓέ ¹ ’131111Ψὲ
1133 33331313,

13133131 31313
11333133 13111153, 311113 3131131331

311333311331333131
ww& 331131 33113

13111113 ο313313
113331, 133131

“1““ '2 'd

’33 1113 3 ³ ,3 ,1313 ,11311 1113 33 :ww ,313 ,33 ,131 ,13 ,33 ,15 ,33 ,11 13 ,1333 ,31313311 1113 v. 3
1113 m ,33 ,11 ,13 ,1113 ,3313133153 33131133 ,1131 ww ,3 ,15 ,35 ,31 13 ,33133 1131133 153 31113
,15,33,131,11,113,11,11113 ,333 13331113 v. ³ ,113 ,113 ,33 ,15 ,35 ,33 ,31 ,11 ,113 ,11 ,113 ,11333 1111
11113 1113 v, 3 ew ,313 ,311 ,13 ,15 ,15 ,13 ,13 ,33 ,131 ,11 ,1131333111313111133 31 ,1133 ,113 ,11
,1113 ,33 ,15 ,33 ,33 ,131 ,11 ,11 ,11 133313133113113111334 ,13 ,13 ,13 ,11 13 ,11133 11531 3313
,15 ,35 ,13 ,33 ,33 ,31 13 ,113333 1131133 33133 311135 ,113 34 ,313,11133133,31133113113113,313
,131 ,11 ,31,13 ,33 ,33 ,33 ,113 ,31 ,11 13 ,333 3313 1113 31 ,313 ,113 ,313 ,313 ,113 ,113 ,113 ,311 ,33
131 ,11333 1133 3153 3331 113 33333 35 ‚ww ,13 ,1 333113 ,13 3333 35 ,3113 ,1113 ,1133 ,3113 ,1111 ,13
333333333333333Μ3ῶ3ωψω333
,11331115 3133 3113131 1113131 115 ’11333 ,3113 ,3113 ,1113 ,3133113113,1133131113,Π11,·111,13,131,11,31,13
,313 ,11333113,1113113113113,3113131333,1111313315,3531113331,31113113 ,11531131331111335
,11 ,13 ,11 5153 ,15111 3311 31331 13 v. ο ,13 ,15 ,33 ,131 ,111 13 ,33313133 3133 333131, 1113 35 ,ww
,113 ,113 ,31 ,33 ,15 ,31 13 ,1333 ,15111 3131111131 1113 113 13 ,1333 1 ,3113111333 33 ,11 ,113 ,3 ,35 ,33
113 ,13 ,33 ,11 13 ,1331311133 1311153, 1113 3ο ,313 ,113 13 ,1333 331131 11333 ’3 ,3113 ,3113 ,1113 ,3113
,35 ,13 ,33 ,131 ,13 ,11 ,111 ,13 ,1 13 ,333 333133 1113 31 113 ,3 ,15 ,35 ,1113 ,115311313111-5311131
,11 ,1 13 ,3313 11333 11333 {sp 311312 3133 1113 33 ,1133 ,3113 ,1113 ,w ,113 ,113 ,311 131 ,33 ,3 ,15 ,15
,111 33311 1111311 13 33 ,31131113 ,1113 ,313 ,33 ,113 ,111 13 ,13313 133 3113 15113 31313133 11131 113
,31 ,13 ,13 ,33 ,3 ,15 ,35 ,33 ,131 ,31 ,13 13 ,335 31333 ,13131 1113 31113113 Ι113 ,111 ,33 ,13 ,13 ,33 ,113
,35 ,13 ,1313 ,3333 113111 1113 v. ⁷ ,31131113 ,15 ,11 ,3 13 ,3313313311131111131 13113 ,3113 ,1311 ,131 ,11
13113 ,313 ,113 ,313 ,13 ,13 ,131 ,113 ,111 ,3 ,1 13 ,13131333 1313333111 11131 13113 ,rw ,1113 ,113 ,113 ,113

,3113 ,313 ,3113 ,13 ,113 ,111 ,13 13 ,31311131

48

 

