1313111

11113 111 1111.
1111133 31111

133111131113131
3ῦ11111111111313111

3313111113

’ 1113113 311111
1111 11331113
13131113 3111313131
31131133 1111.
11111 311111
133 111111 1 3313113
1111 31111131
3111111131
1111311 3131
31113 111-11 1111111
111113131111
3111131 113331 1111, 51
1311131111 31111 1111111,
113 11313131 52
1111133 1311 31111.

1111311111 13 313131 3131311 13131133333131131-14 ,33 ,13 ,13 ,13 ,33 ,31 13 ,1313 313 113 v. 11
131313131111 111 ,13 ,33 ,13 ,11 ,111 13 ,1313 131111 113 ν. 15 ,1311 ,131 ,311 ,33 ,13 ,111 13 ,1313
,11,3313 ,13 ,33 ,11 ,111 ,1 13 ,1113 31111113 v. 15 ,11,11 ,33 ,13 13 ,13113 113113 11131 113 1311131
13 ,13113 111 31111111 11111311 ,33 13 ,111 3111113 v. 11 ,33 ,13 ,11 13 ,111313 3111 1111331 111
113111 ,11311111 ,13 ,13 ,33 ,131 ,13 ,111313 ,131 31131131 113111 ,11 13 ,11313 1111111 133
1313113113 111 ,11 13 ,11313 11311 111 133 13 ,1313 111 ’11311111 31111311 ,33 ,1113 ,111 1111ι

{Y

1311313 113 ν. 11 ,11 ,33 ,13 ,13 ,11 ,11 ,1 1313131111113111 ,13 ,33 ,13 ,3113113131311111

,133 131133 131ξ3 1131. ⁵0 ,311 ,13 ,33 ,11 ,111 13 ,1313 31331ι ,13 v. ⁵⁰ ,111 ,111 ,,31 ,13 ,3313 ,1313
11111 1131 111 ,11 ,33 13 ,111 11111 11311) ,11 ,1113133113133131131111133 111 ,13 ,33 ,33 13
113111 ,33,1111113113131511131 111 ,11,11 ,33 ,33 13 ,111 111113 v. 51 ,33 ,11 ,11 13 ,111311
111 111 ,11 ,11,33 13 ,111 13111113 v. 52 ,13 111 31311111 311 ,311 ,111 ,1111131113 ’3 13 ,3111
3113111313 ,1313111131311-13111311111 133 ,1113 ,111331 111311 111133 13313 ,1313111 1311
3111311113 1131111111 ,11 ,11 ,11 ,33111 ,33 ,3 ,13 ,33 ,33 ,11 ,11 ,111 ,3 ,31113 133 111311 11131133 111
13 ,31133 111311 1111113311113111111131 1311 ,11 ,33 ,13 ,13 ,33 ,13 ,3113 ,3113 1133111111 111133 111
,13,13,33,13,13,33,31,11,13 ,11 ,111 ,3 ,1 ,111311131111113151 ,1111 ,111 ,311 ,13 ,13 ,31 ,13 ,1
,13 ,13 ,33 ,31 ,11 13 ,1133 ,131 11111 113 1111 ,111,1131,111,’·1,11,11 ,111 ,,31 ,33 ,113 ,33 ,3

170 ,313 ,Ἲὶ ,21

 

