1811-111 1111511111 κ
11 11111111 1111,
111111 1111 1111111111
11 11111111
1111111111, 1 11111111 1111111
11111 1111111111.
1111111 1111111111 11111
1111 11111111 1111
11111 1111 11111
111111111111111
1111 1 111 111111
11111) 1111 11111Ἳῖ1111Ξὲ
111111 11111111
1111111115 1111111111
111111 11111 11111111
11111111 1111111111
⁶ 11111111111111111111111·
” 1111111111
’.ΨἾ W! ,Ἶῢ 13 ,1311131111 1231111 11 w: 11111)Ὶ ww ³¹³³ mn 5³: 1311113 vm 092³), 13 v, '12

,11 ,11 11 ,11111 1111 wo v. ⁷2 ,111 ,111 ,1111 ,1111 ,1111111111 ,111 ,111 ,111 ,13 ,13 ,111 11 ,1111111111
,11111111111511111 13111111151111111113111111 0³23) 1111111111 ,15 ,1111

,31 ,11,31 ,1,31 ,33 ,31 ,11 11111111111111111111111111111 ,1111 ,1111 ,1111 ,111 ,311 ,15 ,33 11
1111111 111111 ,1111 ,11 ,13 ,11 ,11 11 ,11111 111111 ,11111111111111 11111111 1111111111 ,1111,311,31,111,11
,31 ,11 ,11 ,111111 ,1111 11111 11111 1111 11111111 11111 1,·111 ,1 11 ,1111111111111111111111 11111111 11111111
,1111,111,111,1’1,13 ,13 ,11 ,11 ,111 ,1 ,1 11 ,111111111111111111111111111Ϊι ,1111111111 ,11 ,15 ,11
,11 ,11 ,11 ,11 ,11 ,1111111111111-11111 ,11 ,11 ,11 ,111 ,11 ,111 11,111111111·1ν.ι ,1111
,11111 11111 1111 1-1 ,1111111111 ,311 ,31 ,31 ,15 ,13 ,13 ,11 ,11 11 ,11111 11111 111 v.z ,1111 ,111 ,11
ww ,111 ,111111 ,15 ,11 ,11 11 ,1111111111111 ,131111111111111111 131 ,33 ,11 ,111 11 ,11111
,1111 ,111 ,1·1 ,13 ,33 ,11 ,111 111111111111111 m ,311 ,13 ,13 ,11 11 ,1111 11111 11111 1111111
,11 ,31 ,11 ,11 :rb ,33 ,33 ,31 ,1 ,3 ,111111 11111 11111111Ξ 11 v. ³ ,111 11 ,111111 1151 11111) 1111 11113
11,111111111111111151111111111 11 ,15 ,11 11 ,111111 11111 1111111 11111111 111111 ,1111 ,311 ,311 ,111
,11 ,1 ,111 ,1111111 1111 1511111111 11111111 ,11111 ,1111111111111 ,31 ,31 ,15 ,11 ,11 ,11 ,11 ,11,111 ,1
’,1111 ,113111 ,111 ,31 ,11,31 ,35 ,13 ,13 ,11 ,11 ,11 ,111111111111111111 ,311 ,31 ,33
111111 111 1111 ,31 ,11 ,31 1111111111111131111115 ,31 ,15 ,13 ,11 ,11 1111111111111
,13 ,11 ,1 ,1 11 ,1111 111111 111 v. ο ,11 111 1111111 1111 1111111 1111 114111 1-5 ,311 11 ,1111 1111 11111
,111 ,11 ,111 ,11 ,11 ,111 ,11 ,111 ,11 ,1111111 11111 sun ιε ,11111111111111,111 ,11 ,11,11
,,31 ,311 ,15 ,15 ,33 ,11 11 ,111111111111111111 131 ,35 ,11 ,31,111 111111111111111ξ111111
,1111111131 ,11 ,15 ,15 ,35 ,13 ,13 ,33 ,31 ,11 ,11 ,11,11 ,111 ,1111111111 111111 -111 1111 v.⁶ ,111 ,111
,311 ,311 ,131111 ,11111 ,1111111111 1111 ιο ,31 ,111 11 ,1111111111 1111 ‘affl 1111111 111111 ,1111 ,1111 ,1111

173 1

 

