3151111 w 20-vs5
11113111113111111111 20
1111111115 1111311111
3111 1111111131 21
131311 ww?
31115 53113
’11313 'Q ⁰ 131113
1111111 11111113
1311131111·
1311-1113111111111
31311 1111111 31111
11153313 11111311
13111315 31111 11111 nb
1131111311 31111
11111111111111111111
3131111 111111 31311 -

311111 111 3111
1111131111 ,3111111111

,1113 ,111 11315131111133 ep 1511111113 1151111111 ,11 ,111 ,33 ,13 ,11 ,31 ,13 13 ,11113 11111311)

,33 ,15 ,15 ,131 ,13 ,11311113111113111 113 v. 2⁰ ,111,11-1311111111 ,33 ,11 ,15 ,13 ,13 ,33 ,11
,131 1111 113 v. 20 ,33 ,33 ,15 ,35 ,13 ,11 ,1113113113 15 113 v. 20 ,11111 ,1111 ,1111 ,111 ,111 ,111 ,311

311 131131315113131135 131331111511131.ι mv ,31131133,11,31,11.1,113,15,3113
13111,1111,1111,111,111311 ,311 ,13 ,113 13 ,113133 11111111 11111 ,11111 11311 ,111 1³ ³25 1111, 111111
,1 13 ,135 111313 33111 113 ν. 1 ,33 ,15 ,11 13 ,1111111111 111311. 1 ,33 13 ,11113 11113 11111111111111111
1131 1,·1111111111111311 ,13 ,13 ,31 ,113 ,11 ,3 ,113 1311 113113111511311111131 1111 ,111 ,13 ,111
,313 ,15 ,13 ,13 ,131 ,11 ,13 ,11 ,11 ,113 ,1111111113151111 113 v12 ,3111 ,1111 ,1111111311311113 ,311111
,33 ,13 ,111 ,11 ,113 ,113 ,33 ,35 ,13 ,33 ,33 ,113 ,31 ,11,,313 ,1513 1111131111311 ,111 ,111 ,1311 ,33
,13 ,3 13 ,11131 13113 113111 1115 113 11111 ,111 ,131 13 ,11111 ,1511 5153 11111 1115 113 m ,1111 ,1111 ,111

<ῗ

wo ,,,1 ,3313 ,11131 1151111111115 1,·11 133 ,11 ,11 13 ,11311113 11111 1115 1131 111111 ,1111 ,311 ,3

,111 ,33 ,131 ,13 ,15 ,13 ,33 ,33 ’,11 13 ,1513 1111115111 1113 m ,33 ,313 ,15 ,113 ,11 13 ,11113 111111
,1111,1111,1111·,1111.111,113 ,,31 ,33 ,313 ,15 ,13 ,131 ,11,113 ,11 13,131111,111131.1 ,1131
,35 ,13 ,33 ,31 ,11 ,11 ,111 ,13 ,1 ,3 5153 31113115 ,11-1111111311 ,311 ,3313 ,1333 113 111 113315
3111131 111111,1111,311,11,31,13,1511331 13 ,13111 11· 113 111111 ,1111 ,1111 ,111 ,111 ,311 ,31 ,113 ,313
,33 ,13 ,33 ,11 ,111 13 ,133133 111131 51111113 113 v. ε ,33 13 ,13311 ni? 1111 133 ,13 ,15 ,1313111113
31111331 1313 13 ,135 131133 51111111. 311 11111 ,1111 ,,31 ,15 ,35 13 ,133133 111511 5111111 1131 1311
1111111331 113 13 ,1313111311 1111 133 ,15 ,35 13 ,11313111-1111113 ms ,111 ,1513 ,135 131133 5111111
,111 ,33 ,15 ,35 ,13 ,131 ,11 ,111 ,3 13 ,1111311 111131 wo v.5 ,1111111111 ,11113 ,11111113 ,11-111

164

 

