33
33 33 66
3333
3333
‚3 666 6,,
666666, 6666
3333
33333
3333
“33333
333 33
66 ,6.6,
„33 6,, 333„
33333
„3333
3333
33 6,, 666

,66 66 66, 666 3 Ξ, .,,,, 3 3 33 3 3 ,6 ,6 ,6, 6 ,66 666 3 Ξ
6, 6 66666666 666 6,, 66, 6666 ,6 666 3„ 33 66, ,66 6 a .,,,,,,, ,66 ,6 6
,6 6,, 3 33 ,6 ,6, ,6 ,6, ,, 6 ,66 66 66 6 6,, ,6, 3 3 3 3 3 3 ,6 ,,,
6 ,66 ,66 33 66 3 66666 6666666, ,.,, 3 66 6,, 6666 3 6 ,66 ,63
3 6 66, 66 ,66 6 3 3 3 3 3 3 3 3 ,.,, ,6 6 ,666 6,,,6 ,66 666 ,, 3
3 ,6 ,6, 6 33 ,6, 66 3 ,. m ,66 ,6, ,6 66 6,, 6666 ,6 ,6 ,,, 6 33 ,66 ,6 3
3 ,6 ,6 6 6 ,6 ,6 ,66 3„ ,6 66, ,6 ,6 ,. , ‚3 3 3 ,,,, 3 3 3 3 3 3
,6, ,,, ,6 ,6 ,6, ,6 ,, 3 666, 6 Ξ ,6 3 ..3 6 ,666 n 3 6 ,6, 33 3 2 ,6, 3
,6 ,6 ,.,, ,,, 6 ,66 666, 3 6,,66, ,6, ,,,, 3 3 3 ,6 ,6, 3 ,6 3 3 ,6 3
3 ,6 ,6 6, ,6 ,, 6 ,6, 33 66, ,66 666 66, 6,, 3 3 3 3 3 ,6 ,6 3 3
3 6 ,66 66 ,,,, 66 ,66 ,6 6 ,6 3 ,6, 6 33 6,,,6 ,66 ,66 3 ,. , 3 3 3
,, 6 ,66 6 3 Ξ ‚3 3 3 3 ,6 ,6 ,6 ,6 3 ,6, ,6 ,6 ,, 6 ,66 6666 3 Ξ
3 3 ,6 ,6 ,6 3 ,6 ,,, ,,, 66 6, 6,, ,66 6,, 66666 6 Ξ ,6 ,6 3 3 3 ,6
„ 3 ,6 ,6, ,6 ,6 6 ,66 3 66 66 3 3 666 3 6,, 3 ,6, ,,,,, 3 3 ,6 3
333 666 ,666 6,, 33 ,6 ,6 ,6 6, ,6 ,, 6 33 3„ 6666 66, 6,, 3 3
33333333303333333333332*3333
3 333 ,66 ,6 6. 6 ,66 66 66 3„ 3 ,. 0 ‚3 3 ,,,,,, ,,,, 3 3 ,6 ,6 ,6 3
,6 ,6, ,6 3 ,6 ,6 6 ,6, 6., 3 Ξ ‚3 3 3 ,6 6 ,66 6,, 3 6,, ,.,,,, 3 3
333 3 ,,. 6 ,6, ,6 ,6 ,6 ,6 ,6 ,6 ,6, ,, 6 33 6666, 3 ,. 6 ,6, 3333
666 666 6 .,,,,.,6 ,6 ,6 ,6 3 ,6 ,6 ,, 6 ,66 ,66 3 ,. 6 33 ,6, ,, 6 ,66
,6 ,, 6 ,66 ,66 3 „3 3 3 ,6, 3 3 3 3 3 3 ,6 ,6 6 ,6 ,6 66 3„ ,6

,66 ,6 s ,, 33 3 3 ,6
3

 

